[[30, 15, 34, 53, 42, 35, 28, 21, 14, 7], 
 [32, 16, 38, 60, 50, 40, 30, 20, 10, 5], 
 [29, 15, 34, 54, 45, 36, 27, 18, 9, 4], 
 [26, 14, 31, 48, 40, 32, 24, 16, 8, 4], 
 [27, 15, 32, 50, 41, 32, 24, 16, 8, 4], 
 [28, 16, 34, 52, 42, 33, 24, 16, 8, 4], 
 [28, 16, 33, 52, 43, 34, 25, 16, 8, 4], 
 [27, 14, 31, 48, 38, 31, 24, 18, 12, 6], 
 [24, 13, 28, 43, 34, 28, 22, 16, 10, 5], 
 [21, 12, 25, 38, 30, 25, 20, 15, 10, 5], 
 [30, 17, 34, 54, 44, 34, 24, 18, 12, 6], 
 [17, 10, 21, 32, 26, 21, 16, 12, 8, 4], 
 [18, 11, 22, 34, 28, 22, 16, 12, 8, 4], 
 [26, 13, 30, 47, 38, 31, 24, 17, 10, 5], 
 [34, 17, 38, 61, 50, 39, 28, 21, 14, 7], 
 [26, 13, 31, 49, 41, 33, 25, 17, 9, 4], 
 [24, 12, 28, 44, 36, 29, 22, 16, 10, 4], 
 [20, 10, 24, 38, 32, 26, 20, 14, 9, 4], 
 [19, 10, 23, 36, 30, 24, 18, 13, 8, 4], 
 [22, 11, 26, 41, 34, 27, 21, 15, 9, 4], 
 [21, 11, 25, 39, 32, 26, 20, 14, 8, 4], 
 [24, 12, 28, 44, 37, 30, 23, 16, 9, 4], 
 [23, 12, 27, 43, 36, 29, 22, 15, 8, 4], 
 [24, 13, 28, 44, 36, 29, 22, 15, 8, 4], 
 [25, 14, 29, 46, 38, 30, 22, 15, 8, 4], 
 [26, 15, 31, 48, 39, 30, 22, 15, 8, 4], 
 [24, 14, 29, 44, 36, 28, 20, 14, 8, 4], 
 [23, 13, 28, 43, 35, 27, 19, 14, 9, 4], 
 [20, 12, 25, 38, 31, 24, 17, 12, 8, 4], 
 [24, 14, 28, 44, 36, 28, 21, 14, 8, 4], 
 [22, 13, 26, 40, 33, 26, 19, 13, 8, 4], 
 [20, 12, 24, 37, 30, 24, 18, 12, 8, 4], 
 [23, 12, 27, 42, 34, 27, 21, 15, 9, 4], 
 [22, 12, 26, 40, 32, 26, 20, 14, 9, 4], 
 [20, 11, 24, 37, 30, 24, 18, 13, 8, 4], 
 [22, 12, 26, 40, 33, 26, 19, 14, 9, 4], 
 [19, 11, 23, 35, 29, 23, 17, 12, 8, 4], 
 [23, 13, 27, 42, 34, 27, 20, 14, 8, 4]]