[[19, 13, 27, 37, 33, 29, 23, 18, 12, 6], 
 [24, 17, 34, 50, 42, 38, 26, 21, 14, 7], 
 [21, 15, 31, 42, 37, 32, 25, 21, 14, 7], 
 [22, 15, 30, 45, 38, 33, 22, 18, 12, 6], 
 [23, 17, 35, 47, 41, 35, 27, 20, 12, 4], 
 [26, 19, 38, 55, 46, 39, 26, 20, 12, 4], 
 [25, 19, 39, 52, 45, 38, 29, 23, 14, 5], 
 [28, 21, 42, 60, 50, 44, 30, 23, 14, 5], 
 [25, 16, 37, 54, 46, 42, 32, 26, 16, 7], 
 [20, 16, 32, 44, 36, 32, 25, 18, 12, 6], 
 [21, 12, 29, 44, 38, 32, 24, 20, 12, 5], 
 [18, 14, 28, 39, 32, 25, 19, 15, 10, 5], 
 [23, 14, 33, 49, 42, 35, 26, 21, 12, 4], 
 [16, 12, 24, 34, 28, 22, 17, 12, 8, 4], 
 [27, 18, 41, 59, 50, 45, 34, 27, 16, 6], 
 [22, 18, 36, 49, 40, 35, 27, 21, 14, 7], 
 [24, 17, 34, 49, 41, 37, 27, 20, 10, 5], 
 [18, 13, 26, 40, 36, 32, 25, 19, 12, 5], 
 [26, 19, 38, 54, 45, 38, 27, 23, 12, 6], 
 [22, 17, 34, 50, 44, 38, 29, 25, 16, 7], 
 [22, 15, 30, 44, 37, 32, 23, 17, 8, 4], 
 [20, 15, 30, 45, 40, 35, 27, 20, 12, 4], 
 [28, 21, 42, 59, 49, 43, 31, 26, 14, 7], 
 [24, 19, 38, 55, 48, 41, 31, 26, 16, 6], 
 [20, 13, 29, 41, 36, 31, 23, 18, 10, 5], 
 [22, 15, 33, 46, 40, 35, 26, 20, 11, 5], 
 [22, 15, 33, 46, 40, 35, 26, 21, 12, 6], 
 [22, 15, 33, 46, 40, 34, 25, 20, 11, 5], 
 [17, 13, 26, 38, 33, 28, 20, 15, 10, 5], 
 [19, 15, 30, 43, 37, 31, 22, 17, 11, 5], 
 [19, 15, 30, 43, 37, 32, 23, 17, 11, 5], 
 [19, 15, 30, 43, 37, 32, 23, 18, 12, 6], 
 [18, 12, 26, 36, 32, 28, 22, 17, 11, 5], 
 [21, 16, 33, 46, 38, 34, 25, 18, 12, 6], 
 [18, 14, 28, 39, 32, 28, 21, 15, 10, 5], 
 [19, 12, 27, 38, 34, 30, 23, 18, 12, 6], 
 [20, 14, 30, 41, 36, 31, 24, 20, 13, 6], 
 [19, 14, 29, 41, 34, 27, 19, 15, 10, 5], 
 [18, 14, 28, 39, 32, 26, 19, 15, 10, 5], 
 [21, 14, 31, 43, 38, 33, 25, 21, 14, 7], 
 [20, 14, 30, 41, 36, 31, 24, 18, 11, 4], 
 [17, 12, 25, 36, 30, 24, 17, 12, 8, 4], 
 [16, 12, 24, 34, 28, 23, 17, 12, 8, 4], 
 [23, 16, 35, 48, 42, 36, 27, 20, 12, 4], 
 [22, 16, 34, 46, 40, 34, 26, 21, 13, 5], 
 [23, 18, 37, 51, 42, 37, 27, 21, 14, 7], 
 [20, 16, 32, 44, 36, 31, 23, 18, 12, 6], 
 [25, 18, 39, 53, 46, 39, 29, 23, 14, 5], 
 [22, 16, 32, 45, 39, 35, 26, 19, 10, 5], 
 [22, 16, 32, 45, 38, 34, 25, 19, 10, 5], 
 [22, 16, 32, 47, 40, 36, 25, 20, 13, 6], 
 [22, 16, 32, 47, 41, 37, 26, 21, 14, 7], 
 [24, 18, 36, 50, 43, 36, 26, 22, 12, 6], 
 [22, 16, 32, 45, 38, 32, 23, 19, 10, 5], 
 [20, 14, 28, 42, 36, 31, 21, 17, 11, 5], 
 [20, 14, 28, 42, 37, 32, 22, 18, 12, 6], 
 [20, 14, 28, 40, 35, 30, 22, 16, 8, 4], 
 [20, 14, 28, 40, 34, 29, 21, 16, 8, 4], 
 [22, 16, 32, 47, 40, 34, 23, 18, 11, 4], 
 [24, 18, 36, 52, 45, 38, 26, 20, 12, 4], 
 [26, 20, 40, 55, 47, 41, 30, 25, 14, 7], 
 [24, 18, 36, 50, 42, 37, 27, 22, 12, 6], 
 [24, 18, 36, 52, 44, 39, 27, 21, 13, 5], 
 [26, 20, 40, 57, 49, 43, 30, 23, 14, 5], 
 [18, 13, 26, 36, 32, 28, 22, 18, 12, 6], 
 [21, 14, 29, 43, 36, 32, 22, 18, 12, 6], 
 [21, 15, 30, 42, 36, 32, 24, 17, 9, 4], 
 [19, 13, 26, 37, 32, 28, 21, 15, 8, 4], 
 [17, 11, 23, 33, 29, 25, 19, 14, 8, 4], 
 [21, 15, 31, 43, 37, 33, 25, 18, 10, 4], 
 [17, 11, 22, 32, 28, 24, 18, 13, 8, 4], 
 [23, 17, 34, 47, 40, 36, 27, 19, 11, 4], 
 [23, 18, 36, 50, 41, 37, 27, 20, 13, 6], 
 [23, 18, 36, 50, 41, 37, 27, 21, 14, 7], 
 [22, 17, 34, 48, 40, 36, 26, 19, 12, 5], 
 [22, 17, 34, 48, 40, 36, 26, 21, 14, 7], 
 [25, 19, 38, 53, 44, 40, 29, 21, 13, 5], 
 [25, 19, 38, 53, 44, 40, 29, 24, 16, 8], 
 [19, 14, 28, 40, 33, 26, 18, 14, 9, 4], 
 [17, 12, 24, 35, 29, 23, 16, 12, 8, 4], 
 [16, 11, 22, 33, 28, 23, 16, 12, 8, 4], 
 [20, 15, 30, 43, 36, 29, 20, 16, 10, 4], 
 [17, 11, 22, 33, 28, 23, 16, 12, 8, 4], 
 [23, 17, 34, 48, 40, 32, 22, 18, 11, 4], 
 [25, 19, 38, 52, 44, 37, 27, 23, 13, 6], 
 [25, 19, 38, 52, 44, 38, 28, 24, 14, 7], 
 [23, 17, 35, 48, 41, 34, 25, 21, 12, 5], 
 [23, 17, 35, 48, 41, 36, 27, 23, 14, 7], 
 [25, 19, 38, 52, 44, 36, 26, 22, 13, 5], 
 [25, 19, 38, 52, 44, 39, 29, 25, 16, 8], 
 [22, 17, 34, 46, 40, 34, 26, 20, 12, 4], 
 [25, 18, 37, 53, 44, 38, 26, 20, 12, 4], 
 [22, 14, 32, 47, 40, 36, 27, 22, 13, 6], 
 [16, 12, 24, 36, 32, 28, 22, 16, 10, 5], 
 [16, 12, 24, 36, 32, 28, 22, 17, 11, 5], 
 [24, 16, 36, 52, 44, 40, 30, 24, 14, 7], 
 [20, 12, 28, 42, 36, 31, 23, 19, 11, 5], 
 [20, 16, 32, 46, 40, 34, 26, 22, 14, 7], 
 [18, 14, 28, 41, 36, 31, 24, 20, 13, 6], 
 [20, 12, 28, 42, 36, 30, 22, 18, 10, 5], 
 [22, 14, 32, 47, 40, 34, 25, 20, 11, 4], 
 [18, 14, 28, 41, 36, 31, 24, 17, 10, 4], 
 [18, 14, 28, 41, 36, 31, 24, 18, 11, 4], 
 [22, 14, 32, 47, 40, 33, 24, 19, 10, 4], 
 [24, 16, 36, 52, 44, 39, 29, 23, 13, 5], 
 [22, 18, 36, 51, 44, 37, 28, 23, 14, 6], 
 [20, 16, 32, 46, 40, 34, 26, 21, 13, 5], 
 [26, 18, 40, 57, 48, 43, 32, 25, 14, 6], 
 [18, 11, 25, 36, 32, 28, 22, 18, 12, 6], 
 [20, 13, 29, 41, 36, 32, 25, 21, 14, 7], 
 [17, 10, 23, 34, 30, 26, 20, 16, 10, 5], 
 [21, 14, 31, 44, 38, 34, 26, 22, 14, 7], 
 [16, 9, 21, 32, 28, 24, 19, 15, 10, 5], 
 [22, 15, 33, 47, 40, 36, 28, 24, 16, 8], 
 [15, 11, 22, 33, 29, 25, 20, 14, 9, 4], 
 [17, 13, 26, 38, 33, 29, 23, 16, 10, 4], 
 [14, 10, 20, 30, 26, 22, 17, 12, 8, 4], 
 [18, 14, 28, 40, 34, 30, 23, 16, 10, 4], 
 [14, 9, 19, 29, 25, 21, 17, 12, 8, 4], 
 [20, 15, 31, 44, 37, 33, 26, 18, 11, 4], 
 [24, 16, 36, 52, 44, 40, 30, 24, 15, 6], 
 [20, 16, 32, 44, 36, 32, 25, 19, 12, 6], 
 [20, 12, 28, 42, 36, 30, 22, 18, 11, 4], 
 [16, 12, 24, 34, 28, 22, 17, 13, 8, 4], 
 [21, 17, 34, 48, 41, 35, 27, 23, 15, 7], 
 [21, 17, 34, 48, 41, 34, 26, 22, 14, 6], 
 [20, 16, 32, 45, 38, 31, 23, 19, 12, 5], 
 [20, 16, 32, 45, 38, 33, 25, 21, 14, 7], 
 [22, 17, 35, 49, 41, 33, 25, 21, 13, 5], 
 [22, 17, 35, 49, 41, 36, 28, 24, 16, 8], 
 [24, 17, 37, 51, 44, 38, 29, 22, 13, 4], 
 [24, 17, 37, 51, 44, 37, 28, 22, 13, 4], 
 [23, 16, 35, 49, 42, 37, 28, 21, 12, 4], 
 [23, 16, 35, 49, 42, 35, 26, 21, 12, 4], 
 [24, 17, 37, 52, 44, 39, 30, 22, 13, 4], 
 [24, 17, 37, 52, 44, 36, 27, 22, 13, 4], 
 [21, 15, 30, 45, 39, 35, 25, 21, 14, 7], 
 [19, 13, 26, 40, 35, 31, 22, 18, 12, 6], 
 [16, 11, 22, 34, 30, 26, 19, 15, 10, 5], 
 [20, 15, 30, 44, 38, 34, 25, 21, 14, 7], 
 [17, 11, 22, 35, 31, 27, 20, 16, 10, 5], 
 [23, 17, 34, 50, 43, 39, 29, 25, 16, 8], 
 [20, 14, 28, 41, 34, 30, 22, 16, 8, 4], 
 [18, 13, 26, 39, 35, 31, 24, 18, 11, 4], 
 [26, 18, 39, 56, 47, 43, 32, 26, 15, 7], 
 [26, 18, 39, 56, 47, 43, 32, 25, 14, 6], 
 [24, 17, 36, 51, 43, 39, 29, 22, 12, 5], 
 [24, 17, 36, 51, 43, 39, 29, 24, 14, 7], 
 [26, 19, 39, 56, 47, 43, 32, 24, 13, 5], 
 [26, 19, 39, 56, 47, 43, 32, 27, 16, 8], 
 [20, 12, 27, 41, 35, 29, 21, 17, 9, 4], 
 [22, 14, 31, 46, 39, 32, 23, 19, 10, 4], 
 [18, 11, 24, 36, 31, 26, 19, 15, 8, 4], 
 [22, 15, 32, 46, 39, 32, 23, 19, 10, 4], 
 [18, 11, 23, 36, 31, 26, 19, 15, 8, 4], 
 [24, 17, 35, 51, 43, 35, 25, 21, 11, 4], 
 [24, 18, 36, 51, 42, 36, 26, 22, 12, 6], 
 [22, 17, 34, 49, 43, 37, 28, 24, 15, 6], 
 [25, 19, 38, 55, 47, 40, 28, 22, 13, 4], 
 [25, 19, 38, 55, 47, 41, 29, 22, 13, 4], 
 [22, 17, 34, 49, 42, 37, 27, 20, 12, 4], 
 [22, 17, 34, 49, 42, 35, 25, 20, 12, 4], 
 [25, 19, 38, 55, 47, 42, 31, 23, 13, 4], 
 [25, 19, 38, 55, 47, 39, 28, 23, 13, 4], 
 [18, 12, 26, 37, 33, 29, 22, 17, 10, 5], 
 [20, 14, 30, 42, 36, 32, 24, 18, 10, 5], 
 [18, 14, 28, 40, 34, 30, 22, 16, 10, 5], 
 [19, 14, 29, 42, 36, 32, 23, 18, 12, 6], 
 [21, 14, 31, 44, 38, 34, 25, 20, 12, 6], 
 [16, 12, 24, 35, 31, 27, 20, 15, 10, 5], 
 [20, 14, 30, 42, 37, 32, 24, 20, 12, 6], 
 [20, 14, 30, 42, 36, 30, 22, 18, 10, 5], 
 [18, 14, 28, 40, 34, 28, 20, 16, 10, 5], 
 [17, 12, 25, 37, 32, 27, 19, 15, 10, 5], 
 [19, 12, 27, 39, 34, 29, 21, 17, 10, 5], 
 [18, 14, 28, 40, 35, 30, 22, 18, 12, 6], 
 [20, 14, 30, 42, 37, 32, 24, 18, 10, 4], 
 [18, 12, 26, 37, 32, 27, 20, 15, 8, 4], 
 [16, 12, 24, 35, 30, 25, 18, 13, 8, 4], 
 [19, 14, 29, 42, 36, 30, 21, 16, 10, 4], 
 [21, 14, 31, 44, 38, 32, 23, 18, 10, 4], 
 [18, 14, 28, 40, 35, 30, 22, 16, 10, 4], 
 [22, 16, 34, 47, 41, 35, 26, 21, 12, 5], 
 [22, 16, 34, 47, 40, 35, 26, 21, 12, 6], 
 [20, 16, 32, 45, 38, 33, 24, 19, 12, 6], 
 [21, 16, 33, 47, 40, 35, 25, 19, 12, 5], 
 [23, 16, 35, 49, 42, 37, 27, 21, 12, 5], 
 [20, 16, 32, 45, 39, 33, 24, 19, 12, 5], 
 [16, 12, 24, 33, 28, 24, 19, 15, 10, 5], 
 [16, 11, 23, 32, 28, 24, 19, 15, 10, 5], 
 [18, 13, 27, 37, 32, 28, 22, 18, 12, 6], 
 [17, 12, 25, 35, 31, 27, 21, 17, 11, 5], 
 [17, 11, 24, 34, 30, 26, 20, 16, 10, 5], 
 [19, 13, 28, 39, 34, 30, 23, 19, 12, 6], 
 [18, 12, 26, 37, 33, 29, 22, 18, 12, 6], 
 [19, 12, 27, 39, 34, 30, 22, 18, 12, 6], 
 [17, 12, 25, 35, 31, 27, 21, 16, 10, 4], 
 [17, 11, 24, 34, 30, 26, 20, 15, 9, 4], 
 [19, 13, 28, 39, 34, 30, 23, 17, 10, 4], 
 [16, 12, 24, 34, 28, 24, 18, 13, 8, 4], 
 [17, 13, 26, 37, 31, 27, 20, 14, 9, 4], 
 [15, 11, 22, 32, 27, 23, 17, 12, 8, 4], 
 [18, 14, 28, 38, 32, 28, 22, 17, 11, 5], 
 [21, 16, 33, 46, 38, 34, 25, 19, 12, 6], 
 [22, 16, 34, 48, 40, 36, 26, 20, 13, 6], 
 [19, 15, 30, 42, 35, 31, 23, 17, 11, 5], 
 [19, 15, 30, 42, 35, 31, 23, 18, 12, 6], 
 [18, 14, 28, 39, 32, 28, 21, 16, 10, 5], 
 [19, 15, 30, 41, 34, 30, 23, 17, 11, 5], 
 [19, 15, 30, 41, 34, 30, 23, 18, 12, 6], 
 [16, 12, 24, 33, 28, 23, 18, 14, 9, 4], 
 [18, 12, 26, 38, 32, 26, 18, 14, 9, 4], 
 [17, 12, 25, 36, 30, 24, 17, 13, 8, 4], 
 [17, 13, 26, 37, 31, 25, 18, 14, 9, 4], 
 [15, 11, 22, 32, 27, 22, 16, 12, 8, 4], 
 [16, 12, 24, 34, 28, 23, 17, 13, 8, 4], 
 [17, 13, 26, 36, 30, 24, 18, 14, 9, 4], 
 [15, 11, 22, 31, 26, 21, 16, 12, 8, 4], 
 [19, 14, 29, 40, 35, 30, 23, 19, 12, 5], 
 [21, 15, 32, 44, 38, 33, 25, 21, 13, 6], 
 [21, 15, 32, 44, 38, 32, 24, 20, 12, 5], 
 [18, 14, 28, 39, 32, 27, 20, 16, 10, 5], 
 [19, 15, 30, 42, 35, 29, 21, 17, 11, 5], 
 [19, 15, 30, 42, 35, 30, 22, 18, 12, 6], 
 [18, 14, 28, 38, 32, 27, 21, 16, 10, 4], 
 [20, 15, 31, 42, 36, 31, 24, 18, 11, 4], 
 [20, 15, 31, 42, 36, 30, 23, 18, 11, 4], 
 [19, 14, 29, 40, 35, 30, 23, 18, 11, 4], 
 [21, 15, 32, 44, 38, 33, 25, 19, 11, 4], 
 [21, 15, 32, 44, 38, 32, 24, 19, 11, 4], 
 [22, 16, 34, 47, 41, 35, 26, 20, 12, 4], 
 [23, 16, 35, 49, 42, 36, 26, 20, 12, 4], 
 [20, 14, 28, 41, 34, 30, 21, 17, 10, 5], 
 [21, 15, 30, 44, 37, 33, 23, 19, 12, 6], 
 [19, 13, 26, 39, 33, 29, 20, 16, 10, 5], 
 [19, 13, 27, 40, 34, 30, 21, 17, 11, 5], 
 [19, 14, 28, 41, 35, 31, 22, 18, 12, 6], 
 [17, 12, 24, 36, 31, 27, 19, 15, 10, 5], 
 [18, 13, 26, 38, 34, 30, 22, 18, 12, 6], 
 [19, 13, 27, 40, 35, 31, 22, 18, 12, 6], 
 [18, 13, 26, 37, 33, 29, 22, 16, 9, 4], 
 [18, 13, 26, 37, 32, 28, 21, 15, 8, 4], 
 [20, 14, 29, 41, 35, 31, 23, 17, 9, 4], 
 [18, 12, 25, 36, 31, 27, 20, 15, 8, 4], 
 [18, 13, 26, 37, 31, 27, 20, 15, 8, 4], 
 [20, 14, 28, 41, 34, 30, 21, 16, 9, 4], 
 [21, 15, 30, 43, 36, 32, 23, 17, 9, 4], 
 [19, 13, 26, 38, 32, 28, 20, 15, 8, 4], 
 [20, 15, 30, 42, 35, 31, 23, 18, 10, 5], 
 [22, 16, 33, 46, 39, 35, 26, 20, 11, 5], 
 [22, 16, 33, 46, 39, 35, 26, 21, 12, 6], 
 [21, 15, 31, 45, 38, 34, 24, 19, 12, 5], 
 [21, 16, 32, 46, 39, 35, 25, 20, 13, 6], 
 [21, 16, 32, 46, 39, 35, 25, 19, 12, 5], 
 [18, 13, 26, 37, 31, 26, 19, 15, 8, 4], 
 [20, 14, 29, 41, 35, 29, 21, 17, 9, 4], 
 [18, 12, 25, 36, 31, 26, 19, 15, 8, 4], 
 [19, 13, 27, 40, 34, 29, 20, 16, 10, 4], 
 [17, 12, 24, 36, 31, 26, 18, 14, 9, 4], 
 [19, 14, 28, 41, 35, 29, 20, 16, 10, 4], 
 [22, 17, 34, 47, 40, 34, 25, 21, 12, 6], 
 [22, 17, 34, 47, 41, 35, 26, 22, 13, 6], 
 [22, 16, 33, 46, 39, 33, 24, 20, 11, 5], 
 [22, 16, 33, 46, 39, 34, 25, 21, 12, 6], 
 [20, 15, 30, 42, 35, 30, 22, 18, 10, 5], 
 [22, 16, 32, 46, 38, 33, 23, 19, 11, 5], 
 [23, 17, 34, 48, 40, 34, 24, 20, 11, 5], 
 [23, 17, 34, 48, 40, 35, 25, 21, 12, 6], 
 [22, 16, 32, 46, 38, 33, 23, 18, 10, 4], 
 [23, 17, 34, 49, 41, 35, 24, 19, 11, 4], 
 [23, 17, 34, 49, 41, 36, 25, 19, 11, 4], 
 [21, 15, 31, 45, 38, 33, 23, 18, 11, 4], 
 [21, 16, 32, 46, 39, 33, 23, 18, 11, 4], 
 [21, 16, 32, 46, 39, 34, 24, 18, 11, 4], 
 [22, 17, 34, 48, 42, 36, 26, 20, 12, 4], 
 [23, 17, 35, 50, 43, 37, 26, 20, 12, 4], 
 [16, 11, 22, 31, 27, 23, 18, 14, 9, 4], 
 [18, 12, 24, 36, 30, 26, 18, 14, 9, 4], 
 [15, 10, 20, 29, 25, 21, 16, 12, 8, 4], 
 [16, 10, 21, 31, 27, 23, 17, 13, 8, 4], 
 [15, 10, 20, 30, 26, 22, 16, 12, 8, 4], 
 [17, 11, 22, 33, 28, 24, 17, 13, 8, 4], 
 [20, 15, 30, 41, 35, 31, 24, 20, 13, 6], 
 [22, 16, 32, 46, 38, 34, 24, 20, 13, 6], 
 [23, 17, 34, 48, 40, 36, 26, 22, 14, 7], 
 [21, 16, 32, 45, 38, 34, 25, 21, 14, 7], 
 [22, 16, 33, 46, 39, 35, 26, 22, 14, 7], 
 [21, 16, 32, 44, 37, 33, 25, 21, 14, 7], 
 [20, 15, 30, 41, 35, 31, 24, 18, 11, 4], 
 [22, 16, 32, 46, 38, 34, 24, 18, 11, 4], 
 [22, 16, 33, 46, 39, 35, 26, 19, 11, 4], 
 [23, 17, 34, 48, 40, 36, 26, 19, 11, 4], 
 [21, 16, 32, 44, 37, 33, 25, 18, 11, 4], 
 [21, 16, 32, 45, 38, 34, 25, 18, 11, 4], 
 [20, 15, 30, 41, 35, 29, 22, 18, 11, 4], 
 [22, 16, 32, 46, 38, 32, 22, 18, 11, 4], 
 [23, 17, 34, 48, 40, 33, 23, 19, 11, 4], 
 [22, 16, 33, 46, 39, 32, 23, 19, 11, 4], 
 [21, 16, 32, 45, 38, 31, 22, 18, 11, 4], 
 [21, 16, 32, 44, 37, 30, 22, 18, 11, 4], 
 [20, 13, 29, 42, 36, 32, 24, 20, 12, 6], 
 [18, 11, 25, 37, 32, 28, 21, 17, 10, 5], 
 [19, 12, 27, 40, 34, 30, 22, 18, 11, 5], 
 [15, 11, 22, 33, 29, 25, 19, 15, 10, 5], 
 [17, 13, 26, 38, 33, 29, 22, 18, 12, 6], 
 [16, 12, 24, 35, 31, 27, 21, 17, 11, 5], 
 [18, 12, 26, 39, 34, 30, 23, 18, 11, 4], 
 [16, 12, 24, 35, 31, 27, 21, 15, 9, 4], 
 [16, 12, 24, 35, 30, 26, 20, 14, 8, 4], 
 [15, 11, 22, 33, 29, 25, 19, 14, 9, 4], 
 [17, 13, 26, 38, 33, 29, 22, 16, 10, 4], 
 [16, 12, 24, 35, 31, 27, 21, 16, 10, 4], 
 [16, 11, 23, 35, 31, 27, 21, 16, 10, 4], 
 [18, 13, 27, 40, 35, 31, 24, 18, 11, 4], 
 [20, 14, 30, 44, 38, 34, 26, 21, 13, 5], 
 [22, 15, 33, 48, 41, 37, 28, 23, 14, 6], 
 [22, 15, 33, 48, 41, 37, 28, 22, 13, 5], 
 [21, 14, 31, 45, 38, 34, 25, 20, 12, 5], 
 [22, 15, 33, 47, 40, 36, 27, 22, 13, 6], 
 [22, 15, 33, 47, 40, 36, 27, 21, 12, 5], 
 [22, 16, 34, 48, 40, 36, 27, 21, 12, 6], 
 [23, 16, 35, 50, 42, 38, 28, 22, 13, 6], 
 [18, 12, 26, 39, 34, 29, 22, 18, 11, 4], 
 [18, 11, 25, 38, 33, 28, 21, 17, 10, 4], 
 [20, 13, 29, 43, 37, 31, 23, 19, 11, 4], 
 [19, 12, 27, 40, 34, 29, 21, 17, 10, 4], 
 [18, 11, 25, 37, 32, 27, 20, 16, 9, 4], 
 [20, 13, 29, 42, 36, 30, 22, 18, 10, 4], 
 [19, 12, 27, 40, 34, 28, 20, 16, 9, 4], 
 [18, 12, 26, 38, 32, 26, 19, 15, 8, 4], 
 [20, 14, 30, 44, 38, 33, 25, 21, 13, 5], 
 [20, 16, 32, 45, 38, 32, 24, 20, 12, 6], 
 [20, 16, 32, 45, 39, 33, 25, 21, 13, 6], 
 [19, 15, 30, 43, 37, 32, 24, 20, 13, 6], 
 [19, 15, 30, 43, 37, 31, 23, 19, 12, 5], 
 [18, 14, 28, 40, 35, 30, 23, 19, 12, 5], 
 [20, 15, 31, 45, 39, 34, 26, 22, 14, 6], 
 [20, 15, 31, 45, 39, 33, 25, 21, 13, 5], 
 [22, 15, 33, 47, 40, 34, 25, 20, 11, 4], 
 [22, 15, 33, 47, 40, 35, 26, 20, 11, 4], 
 [21, 14, 31, 45, 38, 33, 24, 19, 11, 4], 
 [18, 14, 28, 40, 35, 30, 23, 18, 11, 4], 
 [19, 15, 30, 43, 37, 32, 24, 18, 11, 4], 
 [19, 15, 30, 43, 37, 31, 23, 18, 11, 4], 
 [17, 10, 23, 35, 30, 26, 20, 16, 10, 4], 
 [14, 10, 20, 29, 24, 20, 16, 12, 8, 4], 
 [15, 9, 20, 30, 26, 22, 17, 13, 8, 4], 
 [14, 9, 19, 28, 24, 20, 16, 12, 8, 4], 
 [15, 9, 20, 31, 27, 23, 18, 14, 9, 4], 
 [14, 9, 19, 29, 25, 21, 16, 12, 8, 4], 
 [21, 14, 31, 45, 38, 34, 26, 22, 14, 6], 
 [18, 14, 28, 39, 32, 28, 22, 18, 12, 6], 
 [21, 15, 32, 46, 39, 35, 27, 23, 15, 7], 
 [21, 15, 32, 45, 38, 34, 26, 22, 14, 7], 
 [20, 15, 31, 44, 37, 33, 25, 21, 14, 7], 
 [20, 15, 31, 43, 36, 32, 25, 21, 14, 7], 
 [21, 14, 31, 45, 38, 34, 26, 20, 12, 4], 
 [18, 14, 28, 39, 32, 28, 22, 16, 10, 4], 
 [20, 15, 31, 43, 36, 32, 25, 18, 11, 4], 
 [20, 15, 31, 44, 37, 33, 25, 18, 11, 4], 
 [21, 15, 32, 45, 38, 34, 26, 19, 11, 4], 
 [21, 15, 32, 46, 39, 35, 27, 20, 12, 4], 
 [21, 14, 31, 45, 38, 32, 24, 20, 12, 4], 
 [18, 14, 28, 39, 32, 26, 20, 16, 10, 4], 
 [20, 15, 31, 43, 36, 29, 22, 18, 11, 4], 
 [20, 15, 31, 44, 37, 30, 22, 18, 11, 4], 
 [21, 15, 32, 45, 38, 31, 23, 19, 11, 4], 
 [21, 15, 32, 46, 39, 32, 24, 20, 12, 4], 
 [18, 12, 24, 36, 30, 26, 19, 15, 8, 4], 
 [16, 11, 22, 34, 30, 26, 20, 16, 10, 4], 
 [16, 10, 21, 33, 29, 25, 19, 15, 9, 4], 
 [15, 10, 20, 31, 27, 23, 17, 13, 8, 4], 
 [16, 10, 21, 32, 28, 24, 18, 14, 8, 4], 
 [17, 11, 22, 34, 29, 25, 18, 14, 8, 4], 
 [22, 16, 32, 46, 38, 34, 25, 21, 12, 6], 
 [20, 15, 30, 44, 38, 34, 26, 22, 14, 6], 
 [21, 16, 32, 46, 39, 35, 26, 22, 14, 7], 
 [23, 17, 34, 49, 41, 37, 27, 23, 14, 7], 
 [22, 16, 33, 48, 41, 37, 28, 24, 15, 7], 
 [22, 16, 33, 47, 40, 36, 27, 23, 14, 7], 
 [22, 16, 32, 46, 38, 34, 25, 19, 10, 4], 
 [20, 15, 30, 44, 38, 34, 26, 20, 12, 4], 
 [23, 17, 34, 49, 41, 37, 27, 20, 11, 4], 
 [22, 16, 33, 47, 40, 36, 27, 20, 11, 4], 
 [21, 16, 32, 46, 39, 35, 26, 19, 11, 4], 
 [22, 16, 33, 48, 41, 37, 28, 21, 12, 4], 
 [22, 16, 32, 46, 38, 32, 23, 19, 10, 4], 
 [20, 15, 30, 44, 38, 32, 24, 20, 12, 4], 
 [23, 17, 34, 49, 41, 34, 24, 20, 11, 4], 
 [22, 16, 33, 47, 40, 33, 24, 20, 11, 4], 
 [21, 16, 32, 46, 39, 32, 23, 19, 11, 4], 
 [22, 16, 33, 48, 41, 34, 25, 21, 12, 4], 
 [18, 12, 26, 37, 32, 28, 21, 17, 10, 5], 
 [16, 12, 24, 34, 30, 26, 20, 16, 10, 5], 
 [16, 12, 24, 35, 30, 26, 19, 15, 10, 5], 
 [18, 12, 26, 38, 32, 28, 20, 16, 10, 5], 
 [17, 11, 24, 35, 31, 27, 20, 16, 10, 5], 
 [19, 13, 28, 40, 35, 31, 23, 19, 12, 6], 
 [17, 12, 25, 36, 32, 28, 21, 17, 11, 5], 
 [18, 12, 26, 38, 33, 29, 21, 17, 11, 5], 
 [16, 11, 23, 34, 30, 26, 19, 15, 10, 5], 
 [18, 13, 27, 39, 34, 30, 22, 18, 12, 6], 
 [18, 12, 26, 37, 32, 28, 21, 16, 9, 4], 
 [16, 11, 23, 33, 29, 25, 19, 14, 8, 4], 
 [18, 13, 27, 38, 33, 29, 22, 16, 9, 4], 
 [16, 12, 24, 34, 30, 26, 20, 15, 9, 4], 
 [16, 12, 24, 34, 29, 25, 19, 14, 8, 4], 
 [16, 12, 24, 35, 30, 26, 19, 14, 9, 4], 
 [17, 12, 25, 36, 30, 26, 19, 14, 8, 4], 
 [17, 12, 25, 36, 32, 28, 21, 16, 10, 4], 
 [15, 11, 22, 32, 28, 24, 18, 13, 8, 4], 
 [17, 13, 26, 37, 32, 28, 21, 15, 9, 4], 
 [20, 14, 30, 42, 36, 32, 24, 19, 11, 5], 
 [18, 14, 28, 39, 33, 29, 22, 17, 10, 5], 
 [18, 14, 28, 40, 34, 30, 22, 17, 11, 5], 
 [20, 15, 31, 44, 37, 33, 24, 18, 11, 5], 
 [20, 15, 31, 44, 37, 33, 24, 19, 12, 6], 
 [19, 14, 29, 41, 34, 30, 22, 17, 10, 5], 
 [20, 14, 30, 43, 36, 32, 23, 18, 11, 5], 
 [20, 14, 30, 43, 37, 33, 24, 19, 12, 5], 
 [21, 15, 32, 45, 38, 34, 25, 19, 11, 5], 
 [21, 15, 32, 45, 38, 34, 25, 20, 12, 6], 
 [18, 12, 26, 37, 32, 27, 20, 16, 9, 4], 
 [16, 12, 24, 34, 29, 24, 18, 14, 8, 4], 
 [16, 12, 24, 35, 30, 25, 18, 14, 9, 4], 
 [16, 11, 23, 34, 29, 24, 17, 13, 8, 4], 
 [18, 13, 27, 39, 33, 27, 19, 15, 9, 4], 
 [18, 12, 26, 38, 32, 27, 19, 15, 9, 4], 
 [17, 12, 25, 36, 30, 25, 18, 14, 8, 4], 
 [18, 12, 26, 38, 33, 28, 20, 16, 10, 4], 
 [17, 11, 24, 35, 30, 25, 18, 14, 8, 4], 
 [19, 13, 28, 40, 34, 28, 20, 16, 9, 4], 
 [20, 14, 30, 42, 36, 31, 23, 19, 11, 5], 
 [20, 15, 31, 43, 37, 31, 23, 19, 11, 5], 
 [20, 15, 31, 43, 37, 32, 24, 20, 12, 6], 
 [18, 14, 28, 39, 33, 28, 21, 17, 10, 5], 
 [18, 14, 28, 39, 34, 29, 22, 18, 11, 5], 
 [18, 14, 28, 40, 34, 29, 21, 17, 11, 5], 
 [19, 14, 29, 41, 34, 29, 21, 17, 10, 5], 
 [19, 14, 29, 41, 36, 31, 23, 19, 12, 5], 
 [19, 15, 30, 42, 36, 30, 22, 18, 11, 5], 
 [19, 15, 30, 42, 36, 31, 23, 19, 12, 6], 
 [20, 14, 30, 42, 36, 31, 23, 18, 10, 4], 
 [18, 14, 28, 39, 34, 29, 22, 17, 10, 4], 
 [18, 14, 28, 40, 34, 29, 21, 16, 10, 4], 
 [20, 14, 30, 43, 36, 31, 22, 17, 10, 4], 
 [21, 15, 32, 45, 39, 34, 25, 19, 11, 4], 
 [21, 15, 32, 45, 39, 33, 24, 19, 11, 4], 
 [19, 14, 29, 41, 36, 31, 23, 18, 11, 4], 
 [20, 14, 30, 43, 37, 32, 23, 18, 11, 4], 
 [20, 15, 31, 44, 38, 33, 24, 18, 11, 4], 
 [20, 15, 31, 44, 38, 32, 23, 18, 11, 4], 
 [15, 11, 22, 31, 27, 23, 18, 14, 9, 4], 
 [15, 11, 22, 31, 26, 22, 17, 13, 8, 4], 
 [15, 10, 21, 30, 26, 22, 17, 13, 8, 4], 
 [15, 10, 21, 31, 26, 22, 16, 12, 8, 4], 
 [16, 10, 22, 32, 28, 24, 18, 14, 9, 4], 
 [14, 10, 20, 29, 25, 21, 16, 12, 8, 4], 
 [17, 13, 26, 36, 31, 27, 21, 17, 11, 5], 
 [17, 13, 26, 36, 30, 26, 20, 16, 10, 5], 
 [19, 14, 29, 40, 34, 30, 23, 19, 12, 6], 
 [19, 14, 29, 41, 34, 30, 22, 18, 12, 6], 
 [20, 14, 30, 42, 36, 32, 24, 20, 13, 6], 
 [18, 14, 28, 39, 33, 29, 22, 18, 12, 6], 
 [17, 13, 26, 36, 31, 27, 21, 16, 10, 4], 
 [17, 13, 26, 36, 30, 26, 20, 15, 9, 4], 
 [19, 14, 29, 40, 34, 30, 23, 17, 10, 4], 
 [19, 14, 29, 41, 34, 30, 22, 16, 10, 4], 
 [20, 14, 30, 42, 36, 32, 24, 18, 11, 4], 
 [18, 14, 28, 39, 33, 29, 22, 16, 10, 4], 
 [17, 13, 26, 36, 31, 26, 20, 16, 10, 4], 
 [17, 13, 26, 36, 30, 25, 19, 15, 9, 4], 
 [19, 14, 29, 40, 34, 28, 21, 17, 10, 4], 
 [19, 14, 29, 41, 34, 28, 20, 16, 10, 4], 
 [20, 14, 30, 42, 36, 30, 22, 18, 11, 4], 
 [18, 14, 28, 39, 33, 27, 20, 16, 10, 4], 
 [16, 11, 22, 32, 28, 24, 18, 14, 8, 4], 
 [18, 12, 25, 37, 31, 27, 19, 15, 9, 4], 
 [17, 12, 24, 35, 29, 25, 18, 14, 8, 4], 
 [16, 11, 22, 33, 28, 24, 17, 13, 8, 4], 
 [17, 11, 23, 34, 29, 25, 18, 14, 8, 4], 
 [16, 11, 22, 33, 29, 25, 18, 14, 9, 4], 
 [20, 15, 30, 42, 36, 32, 24, 20, 12, 6], 
 [20, 14, 29, 42, 35, 31, 22, 18, 11, 5], 
 [19, 14, 28, 40, 33, 29, 21, 17, 10, 5], 
 [20, 15, 30, 43, 36, 32, 23, 19, 12, 6], 
 [21, 15, 31, 44, 37, 33, 24, 20, 12, 6], 
 [20, 15, 30, 43, 37, 33, 24, 20, 13, 6], 
 [20, 15, 30, 42, 36, 32, 24, 18, 10, 4], 
 [20, 14, 29, 42, 35, 31, 22, 17, 10, 4], 
 [19, 14, 28, 40, 33, 29, 21, 16, 9, 4], 
 [20, 15, 30, 43, 36, 32, 23, 17, 10, 4], 
 [21, 15, 31, 44, 37, 33, 24, 18, 10, 4], 
 [20, 15, 30, 43, 37, 33, 24, 18, 11, 4], 
 [20, 15, 30, 42, 36, 30, 22, 18, 10, 4], 
 [20, 14, 29, 42, 35, 30, 21, 17, 10, 4], 
 [19, 14, 28, 40, 33, 28, 20, 16, 9, 4], 
 [20, 15, 30, 43, 36, 30, 21, 17, 10, 4], 
 [21, 15, 31, 44, 37, 31, 22, 18, 10, 4], 
 [20, 15, 30, 43, 37, 31, 22, 18, 11, 4], 
 [17, 11, 24, 36, 31, 27, 20, 16, 10, 4], 
 [16, 11, 23, 34, 30, 26, 20, 16, 10, 4], 
 [16, 10, 22, 33, 29, 25, 19, 15, 9, 4], 
 [14, 10, 20, 30, 26, 22, 17, 13, 8, 4], 
 [16, 10, 22, 33, 28, 24, 18, 14, 8, 4], 
 [15, 10, 21, 32, 28, 24, 18, 14, 9, 4], 
 [19, 13, 28, 41, 35, 31, 23, 19, 12, 5], 
 [18, 13, 27, 39, 34, 30, 23, 19, 12, 5], 
 [20, 14, 30, 43, 37, 33, 25, 21, 13, 6], 
 [18, 14, 28, 40, 34, 30, 23, 19, 12, 6], 
 [20, 14, 30, 43, 36, 32, 24, 20, 12, 6], 
 [19, 14, 29, 42, 36, 32, 24, 20, 13, 6], 
 [19, 13, 28, 41, 35, 31, 23, 18, 11, 4], 
 [18, 13, 27, 39, 34, 30, 23, 18, 11, 4], 
 [20, 14, 30, 43, 37, 33, 25, 19, 11, 4], 
 [18, 14, 28, 40, 34, 30, 23, 17, 10, 4], 
 [20, 14, 30, 43, 36, 32, 24, 18, 10, 4], 
 [19, 14, 29, 42, 36, 32, 24, 18, 11, 4], 
 [19, 13, 28, 41, 35, 30, 22, 18, 11, 4], 
 [18, 13, 27, 39, 34, 29, 22, 18, 11, 4], 
 [20, 14, 30, 43, 37, 31, 23, 19, 11, 4], 
 [18, 14, 28, 40, 34, 28, 21, 17, 10, 4], 
 [20, 14, 30, 43, 36, 30, 22, 18, 10, 4], 
 [19, 14, 29, 42, 36, 30, 22, 18, 11, 4], 
 [16, 11, 23, 33, 29, 25, 19, 15, 9, 4], 
 [16, 11, 23, 33, 28, 24, 18, 14, 8, 4], 
 [15, 11, 22, 32, 27, 23, 17, 13, 8, 4], 
 [16, 11, 23, 34, 29, 25, 18, 14, 9, 4], 
 [17, 11, 24, 35, 30, 26, 19, 15, 9, 4], 
 [15, 11, 22, 32, 28, 24, 18, 14, 9, 4], 
 [15, 10, 21, 31, 27, 23, 17, 13, 8, 4], 
 [18, 13, 27, 38, 33, 29, 22, 18, 11, 5], 
 [18, 13, 27, 38, 32, 28, 21, 17, 10, 5], 
 [17, 13, 26, 37, 31, 27, 20, 16, 10, 5], 
 [18, 13, 27, 39, 33, 29, 21, 17, 11, 5], 
 [19, 13, 28, 40, 34, 30, 22, 18, 11, 5], 
 [17, 13, 26, 37, 32, 28, 21, 17, 11, 5], 
 [19, 14, 29, 41, 35, 31, 23, 19, 12, 6], 
 [18, 13, 27, 38, 33, 29, 22, 17, 10, 4], 
 [18, 13, 27, 38, 32, 28, 21, 16, 9, 4], 
 [17, 13, 26, 37, 31, 27, 20, 15, 9, 4], 
 [18, 13, 27, 39, 33, 29, 21, 16, 10, 4], 
 [19, 13, 28, 40, 34, 30, 22, 17, 10, 4], 
 [17, 13, 26, 37, 32, 28, 21, 16, 10, 4], 
 [19, 14, 29, 41, 35, 31, 23, 17, 10, 4], 
 [18, 13, 27, 38, 33, 28, 21, 17, 10, 4], 
 [18, 13, 27, 38, 32, 27, 20, 16, 9, 4], 
 [17, 13, 26, 37, 31, 26, 19, 15, 9, 4], 
 [18, 13, 27, 39, 33, 28, 20, 16, 10, 4], 
 [19, 13, 28, 40, 34, 29, 21, 17, 10, 4], 
 [17, 13, 26, 37, 32, 27, 20, 16, 10, 4], 
 [19, 14, 29, 41, 35, 29, 21, 17, 10, 4], 
 [17, 12, 25, 35, 30, 26, 20, 16, 10, 4], 
 [16, 12, 24, 34, 28, 24, 18, 14, 9, 4], 
 [18, 13, 26, 37, 31, 27, 20, 16, 9, 4], 
 [18, 13, 26, 38, 32, 28, 20, 16, 10, 4], 
 [18, 12, 26, 38, 32, 28, 21, 17, 10, 4], 
 [16, 12, 24, 35, 30, 26, 20, 16, 10, 4], 
 [16, 12, 24, 34, 29, 25, 19, 15, 9, 4], 
 [17, 12, 25, 36, 30, 26, 19, 15, 9, 4], 
 [17, 12, 25, 36, 31, 27, 20, 16, 10, 4], 
 [29, 19, 38, 53, 48, 43, 35, 24, 16, 8], 
 [37, 27, 54, 73, 64, 56, 44, 29, 17, 5], 
 [23, 16, 32, 47, 39, 31, 26, 15, 10, 5], 
 [31, 24, 48, 67, 55, 50, 41, 26, 17, 8], 
 [23, 16, 32, 44, 39, 34, 26, 18, 10, 5], 
 [25, 18, 36, 49, 43, 38, 29, 20, 11, 5], 
 [17, 13, 26, 38, 33, 28, 23, 15, 10, 5], 
 [19, 15, 30, 43, 37, 32, 26, 17, 11, 5], 
 [19, 12, 24, 35, 31, 27, 22, 15, 10, 5], 
 [20, 13, 26, 37, 33, 29, 23, 16, 10, 5], 
 [21, 14, 28, 39, 35, 31, 25, 18, 12, 6], 
 [24, 16, 32, 45, 41, 37, 30, 21, 14, 7], 
 [25, 19, 38, 53, 44, 40, 32, 21, 13, 5], 
 [22, 17, 34, 48, 40, 36, 29, 19, 12, 5], 
 [23, 18, 36, 50, 41, 37, 30, 20, 13, 6], 
 [26, 20, 40, 56, 46, 42, 34, 22, 14, 7], 
 [17, 11, 22, 33, 28, 23, 19, 12, 8, 4], 
 [16, 11, 22, 33, 28, 23, 19, 12, 8, 4], 
 [17, 12, 24, 35, 29, 23, 19, 12, 8, 4], 
 [20, 14, 28, 41, 34, 27, 22, 13, 8, 4], 
 [27, 20, 40, 55, 47, 42, 33, 22, 13, 4], 
 [26, 19, 38, 52, 45, 40, 31, 21, 12, 4], 
 [27, 20, 40, 54, 47, 41, 32, 22, 13, 4], 
 [30, 22, 44, 60, 53, 46, 36, 24, 14, 4], 
 [17, 13, 26, 35, 30, 25, 20, 15, 10, 5], 
 [19, 15, 30, 40, 34, 29, 23, 17, 11, 5], 
 [17, 12, 24, 33, 29, 25, 20, 15, 10, 5], 
 [19, 13, 27, 37, 33, 29, 23, 17, 11, 5], 
 [22, 16, 32, 44, 38, 34, 26, 18, 10, 5], 
 [20, 14, 28, 39, 35, 31, 24, 17, 10, 5], 
 [19, 13, 26, 36, 32, 28, 22, 16, 10, 5], 
 [21, 14, 29, 40, 36, 32, 25, 18, 12, 6], 
 [21, 16, 32, 43, 37, 32, 25, 18, 11, 4], 
 [21, 15, 31, 42, 37, 32, 25, 18, 11, 4], 
 [20, 14, 28, 39, 34, 29, 22, 15, 8, 4], 
 [22, 16, 32, 44, 39, 34, 26, 18, 10, 4], 
 [23, 17, 34, 46, 40, 35, 27, 19, 11, 4], 
 [25, 18, 37, 50, 44, 38, 29, 20, 12, 4], 
 [19, 15, 30, 41, 34, 30, 24, 17, 11, 5], 
 [18, 14, 28, 39, 32, 28, 22, 15, 10, 5], 
 [16, 12, 24, 35, 31, 27, 22, 15, 10, 5], 
 [18, 14, 28, 40, 34, 30, 24, 16, 10, 5], 
 [19, 15, 30, 42, 35, 31, 25, 17, 11, 5], 
 [21, 16, 33, 46, 38, 34, 27, 18, 12, 6], 
 [15, 11, 22, 31, 26, 21, 17, 12, 8, 4], 
 [16, 12, 24, 34, 28, 23, 18, 12, 8, 4], 
 [18, 14, 28, 40, 35, 30, 24, 16, 10, 4], 
 [16, 12, 24, 35, 30, 25, 20, 13, 8, 4], 
 [15, 11, 22, 32, 27, 22, 18, 12, 8, 4], 
 [17, 12, 25, 36, 30, 24, 19, 12, 8, 4], 
 [17, 11, 22, 32, 28, 24, 19, 13, 8, 4], 
 [15, 10, 20, 29, 25, 21, 17, 12, 8, 4], 
 [15, 10, 20, 30, 26, 22, 18, 12, 8, 4], 
 [21, 16, 32, 45, 38, 34, 27, 18, 11, 4], 
 [21, 16, 32, 44, 37, 33, 26, 18, 11, 4], 
 [23, 17, 34, 47, 40, 36, 28, 19, 11, 4], 
 [16, 12, 24, 33, 29, 25, 20, 15, 10, 5], 
 [18, 12, 26, 36, 32, 28, 22, 16, 10, 5], 
 [18, 14, 28, 38, 32, 28, 22, 16, 10, 5], 
 [18, 14, 28, 39, 33, 29, 22, 15, 10, 5], 
 [18, 14, 28, 38, 33, 28, 22, 16, 10, 4], 
 [20, 14, 30, 41, 36, 31, 24, 17, 10, 4], 
 [16, 12, 24, 33, 28, 23, 18, 13, 8, 4], 
 [16, 12, 24, 34, 29, 24, 18, 12, 8, 4], 
 [18, 13, 26, 36, 32, 28, 22, 16, 10, 4], 
 [20, 14, 28, 39, 34, 30, 23, 16, 9, 4], 
 [17, 12, 24, 34, 30, 26, 20, 14, 8, 4], 
 [19, 14, 28, 39, 34, 30, 23, 16, 9, 4], 
 [18, 12, 25, 35, 31, 27, 21, 15, 9, 4], 
 [20, 14, 29, 40, 35, 31, 24, 17, 10, 4], 
 [16, 11, 22, 31, 27, 23, 18, 13, 8, 4], 
 [20, 15, 30, 41, 35, 31, 24, 17, 10, 4], 
 [18, 12, 24, 34, 30, 26, 20, 14, 9, 4], 
 [22, 16, 32, 44, 38, 34, 26, 18, 11, 4], 
 [16, 12, 24, 34, 28, 24, 19, 13, 8, 4], 
 [16, 12, 24, 35, 30, 26, 21, 14, 9, 4], 
 [15, 11, 22, 32, 28, 24, 19, 13, 8, 4], 
 [17, 13, 26, 37, 32, 28, 22, 15, 9, 4], 
 [17, 13, 26, 37, 31, 27, 21, 14, 9, 4], 
 [15, 11, 22, 32, 27, 23, 18, 12, 8, 4], 
 [14, 10, 20, 29, 25, 21, 17, 12, 8, 4], 
 [18, 14, 28, 39, 33, 29, 23, 16, 10, 4], 
 [19, 14, 29, 41, 34, 30, 24, 16, 10, 4], 
 [15, 10, 21, 31, 26, 22, 18, 12, 8, 4], 
 [16, 12, 24, 33, 28, 24, 19, 14, 9, 4], 
 [16, 11, 23, 32, 28, 24, 19, 14, 9, 4], 
 [18, 13, 27, 37, 32, 28, 22, 16, 10, 4], 
 [17, 12, 25, 35, 31, 27, 21, 15, 9, 4], 
 [17, 12, 25, 35, 30, 26, 20, 14, 8, 4], 
 [15, 11, 22, 31, 27, 23, 18, 13, 8, 4], 
 [17, 13, 26, 36, 31, 27, 21, 15, 9, 4], 
 [17, 13, 26, 36, 30, 26, 20, 14, 9, 4], 
 [15, 11, 22, 31, 26, 22, 17, 12, 8, 4], 
 [16, 12, 24, 34, 30, 26, 20, 14, 9, 4], 
 [16, 12, 24, 34, 29, 25, 19, 13, 8, 4], 
 [15, 10, 21, 30, 26, 22, 17, 12, 8, 4], 
 [19, 14, 29, 40, 34, 30, 23, 16, 10, 4], 
 [43, 33, 66, 88, 76, 65, 50, 45, 30, 15], 
 [49, 39, 78, 103, 88, 73, 55, 47, 29, 11], 
 [37, 30, 60, 82, 67, 52, 40, 35, 23, 11], 
 [43, 36, 72, 97, 79, 68, 53, 45, 30, 15], 
 [31, 24, 48, 64, 55, 46, 34, 29, 17, 8], 
 [31, 24, 48, 64, 55, 47, 35, 30, 18, 9], 
 [25, 21, 42, 58, 49, 41, 32, 27, 18, 9], 
 [25, 21, 42, 58, 49, 40, 31, 26, 17, 8], 
 [29, 23, 46, 63, 52, 41, 31, 27, 17, 7], 
 [26, 21, 42, 58, 48, 38, 29, 25, 16, 7], 
 [25, 20, 40, 55, 45, 35, 27, 23, 15, 7], 
 [30, 24, 48, 66, 54, 42, 32, 28, 18, 9], 
 [31, 24, 48, 65, 55, 48, 37, 33, 22, 11], 
 [30, 23, 46, 62, 53, 46, 35, 31, 20, 10], 
 [29, 22, 44, 59, 51, 44, 34, 30, 20, 10], 
 [34, 26, 52, 70, 61, 52, 40, 36, 24, 12], 
 [31, 25, 50, 68, 56, 49, 38, 33, 22, 11], 
 [28, 23, 46, 63, 52, 45, 35, 30, 20, 10], 
 [29, 24, 48, 65, 53, 46, 36, 30, 20, 10], 
 [36, 30, 60, 81, 66, 57, 44, 37, 24, 12], 
 [33, 26, 52, 70, 59, 48, 36, 31, 19, 7], 
 [32, 25, 50, 67, 57, 47, 35, 30, 18, 7], 
 [33, 26, 52, 69, 59, 49, 37, 31, 19, 7], 
 [40, 32, 64, 85, 73, 61, 46, 39, 24, 9], 
 [19, 15, 30, 40, 34, 29, 23, 18, 12, 6], 
 [19, 15, 30, 40, 34, 28, 22, 17, 11, 5], 
 [21, 16, 32, 43, 37, 32, 25, 21, 14, 7], 
 [23, 17, 35, 47, 41, 35, 27, 23, 15, 7], 
 [26, 20, 40, 54, 46, 38, 28, 24, 14, 7], 
 [26, 20, 40, 54, 47, 40, 30, 26, 16, 8], 
 [25, 19, 38, 51, 44, 38, 29, 25, 16, 8], 
 [27, 20, 41, 55, 48, 41, 31, 27, 18, 9], 
 [23, 18, 36, 48, 41, 34, 26, 21, 13, 5], 
 [25, 19, 39, 52, 45, 38, 29, 24, 15, 6], 
 [28, 22, 44, 59, 50, 43, 32, 27, 16, 8], 
 [28, 22, 44, 59, 51, 43, 32, 27, 16, 7], 
 [27, 21, 42, 56, 48, 40, 30, 25, 15, 6], 
 [31, 24, 49, 65, 56, 47, 35, 29, 18, 7], 
 [19, 15, 30, 41, 34, 27, 21, 17, 11, 5], 
 [20, 16, 32, 44, 36, 29, 22, 18, 12, 6], 
 [22, 18, 36, 50, 43, 36, 28, 24, 16, 8], 
 [22, 18, 36, 50, 42, 34, 26, 22, 14, 7], 
 [21, 17, 34, 47, 39, 31, 24, 20, 13, 6], 
 [23, 18, 37, 51, 42, 33, 25, 21, 14, 7], 
 [21, 17, 34, 46, 38, 33, 26, 21, 14, 7], 
 [22, 18, 36, 49, 40, 34, 26, 21, 14, 7], 
 [24, 20, 40, 55, 47, 39, 30, 25, 16, 7], 
 [24, 20, 40, 55, 46, 39, 30, 25, 16, 8], 
 [23, 19, 38, 52, 43, 37, 29, 24, 16, 8], 
 [27, 22, 45, 61, 50, 43, 33, 27, 18, 9], 
 [25, 20, 40, 55, 46, 37, 28, 24, 15, 6], 
 [23, 18, 36, 49, 41, 33, 25, 21, 13, 5], 
 [27, 21, 42, 57, 48, 39, 29, 25, 15, 6], 
 [27, 21, 42, 57, 48, 42, 32, 28, 18, 9], 
 [23, 18, 36, 49, 41, 36, 28, 24, 16, 8], 
 [25, 20, 40, 55, 46, 40, 31, 27, 18, 9], 
 [18, 14, 28, 38, 33, 28, 22, 18, 12, 6], 
 [22, 16, 34, 46, 40, 34, 26, 22, 14, 7], 
 [18, 14, 28, 38, 32, 26, 20, 16, 10, 5], 
 [20, 16, 32, 44, 37, 30, 22, 18, 12, 6], 
 [20, 16, 32, 43, 37, 31, 24, 19, 12, 5], 
 [24, 18, 38, 51, 44, 37, 28, 23, 14, 6], 
 [20, 16, 32, 43, 36, 31, 24, 19, 12, 6], 
 [22, 18, 36, 49, 41, 35, 26, 21, 14, 7], 
 [22, 17, 34, 46, 40, 34, 26, 22, 14, 6], 
 [26, 20, 40, 54, 46, 39, 29, 25, 15, 7], 
 [23, 18, 36, 49, 42, 35, 26, 22, 13, 6], 
 [23, 18, 36, 49, 42, 36, 27, 23, 14, 7], 
 [24, 18, 37, 50, 43, 37, 28, 24, 15, 7], 
 [24, 18, 37, 50, 43, 36, 27, 23, 14, 6], 
 [22, 17, 34, 46, 39, 32, 24, 20, 12, 5], 
 [22, 17, 34, 46, 39, 34, 26, 22, 14, 7], 
 [26, 20, 40, 54, 46, 40, 30, 26, 17, 8], 
 [26, 20, 40, 54, 46, 38, 28, 24, 15, 6], 
 [20, 16, 32, 44, 36, 30, 23, 19, 12, 6], 
 [22, 18, 36, 50, 42, 35, 27, 23, 15, 7], 
 [21, 17, 34, 47, 40, 33, 25, 21, 13, 6], 
 [21, 17, 34, 47, 40, 34, 26, 22, 14, 7], 
 [21, 17, 34, 47, 39, 32, 24, 20, 13, 6], 
 [21, 17, 34, 47, 39, 33, 25, 21, 14, 7], 
 [20, 16, 32, 44, 37, 30, 23, 19, 12, 5], 
 [20, 16, 32, 44, 37, 32, 25, 21, 14, 7], 
 [23, 18, 37, 51, 42, 34, 26, 22, 14, 6], 
 [23, 18, 37, 51, 42, 36, 28, 24, 16, 8], 
 [18, 14, 28, 38, 32, 27, 21, 17, 11, 5], 
 [20, 15, 31, 42, 36, 31, 24, 20, 13, 6], 
 [20, 15, 31, 42, 36, 30, 23, 19, 12, 5], 
 [21, 16, 33, 45, 38, 32, 24, 20, 12, 6], 
 [21, 16, 33, 45, 39, 33, 25, 21, 13, 6], 
 [19, 15, 30, 41, 35, 29, 22, 18, 11, 5], 
 [19, 15, 30, 41, 35, 30, 23, 19, 12, 6], 
 [19, 15, 30, 41, 34, 28, 21, 17, 11, 5], 
 [19, 15, 30, 41, 34, 29, 22, 18, 12, 6], 
 [20, 16, 32, 44, 37, 31, 23, 19, 12, 6], 
 [20, 16, 32, 44, 38, 32, 24, 20, 13, 6], 
 [21, 16, 33, 45, 38, 31, 23, 19, 12, 5], 
 [21, 16, 33, 45, 38, 33, 25, 21, 14, 7], 
 [49, 36, 72, 103, 85, 80, 56, 45, 30, 15], 
 [55, 42, 84, 118, 97, 89, 62, 47, 29, 11], 
 [49, 36, 72, 103, 85, 80, 59, 44, 23, 11], 
 [55, 42, 84, 118, 97, 89, 65, 54, 30, 15], 
 [31, 24, 48, 67, 55, 50, 35, 26, 17, 8], 
 [31, 24, 48, 67, 55, 50, 35, 27, 18, 9], 
 [34, 24, 51, 73, 61, 56, 41, 33, 18, 9], 
 [34, 24, 51, 73, 61, 56, 41, 32, 17, 8], 
 [35, 26, 52, 74, 61, 57, 42, 31, 17, 7], 
 [33, 24, 49, 70, 58, 54, 40, 30, 16, 7], 
 [33, 24, 48, 69, 57, 53, 39, 29, 15, 7], 
 [38, 28, 56, 80, 66, 62, 46, 34, 18, 9], 
 [35, 26, 52, 74, 61, 57, 41, 34, 22, 11], 
 [32, 24, 48, 68, 56, 52, 37, 30, 20, 10], 
 [33, 24, 48, 69, 57, 53, 37, 30, 20, 10], 
 [39, 28, 57, 82, 68, 64, 45, 36, 24, 12], 
 [37, 28, 56, 79, 65, 60, 44, 37, 22, 11], 
 [35, 26, 53, 75, 62, 57, 42, 35, 20, 10], 
 [37, 28, 56, 79, 65, 59, 43, 36, 20, 10], 
 [44, 34, 68, 95, 78, 71, 52, 43, 24, 12], 
 [37, 28, 56, 79, 65, 60, 43, 32, 19, 7], 
 [34, 26, 52, 73, 60, 55, 39, 29, 18, 7], 
 [37, 28, 56, 79, 65, 59, 41, 31, 19, 7], 
 [45, 34, 69, 97, 80, 73, 51, 39, 24, 9], 
 [25, 18, 36, 52, 43, 38, 26, 21, 12, 6], 
 [25, 18, 36, 52, 43, 38, 26, 20, 11, 5], 
 [25, 18, 36, 52, 43, 39, 27, 22, 14, 7], 
 [26, 19, 38, 55, 46, 42, 29, 23, 15, 7], 
 [26, 20, 40, 56, 46, 42, 30, 22, 14, 7], 
 [27, 20, 41, 58, 48, 44, 31, 24, 16, 8], 
 [27, 20, 40, 57, 47, 43, 30, 24, 16, 8], 
 [30, 22, 44, 63, 53, 49, 34, 27, 18, 9], 
 [27, 20, 40, 57, 47, 42, 29, 22, 13, 5], 
 [28, 21, 42, 60, 50, 45, 31, 24, 15, 6], 
 [28, 22, 44, 61, 50, 45, 32, 25, 16, 8], 
 [29, 22, 45, 63, 52, 47, 33, 25, 16, 7], 
 [29, 22, 44, 62, 51, 46, 32, 24, 15, 6], 
 [34, 26, 52, 73, 61, 55, 38, 29, 18, 7], 
 [25, 18, 36, 52, 43, 39, 28, 21, 11, 5], 
 [26, 19, 38, 54, 45, 41, 30, 23, 12, 6], 
 [29, 20, 43, 62, 52, 48, 35, 28, 16, 8], 
 [28, 20, 42, 60, 50, 46, 34, 26, 14, 7], 
 [28, 20, 41, 59, 49, 45, 33, 25, 13, 6], 
 [30, 22, 44, 63, 53, 49, 36, 27, 14, 7], 
 [27, 20, 40, 57, 47, 42, 30, 25, 14, 7], 
 [28, 21, 42, 59, 49, 44, 32, 26, 14, 7], 
 [31, 22, 47, 67, 56, 51, 37, 29, 16, 7], 
 [30, 22, 46, 65, 54, 49, 36, 29, 16, 8], 
 [30, 22, 45, 64, 53, 48, 35, 29, 16, 8], 
 [34, 26, 52, 73, 61, 55, 40, 33, 18, 9], 
 [30, 22, 45, 64, 53, 49, 36, 27, 15, 6], 
 [27, 20, 40, 57, 47, 43, 31, 23, 13, 5], 
 [29, 22, 44, 62, 51, 47, 34, 25, 15, 6], 
 [29, 22, 44, 62, 51, 47, 34, 28, 18, 9], 
 [27, 20, 40, 57, 47, 43, 31, 26, 16, 8], 
 [30, 22, 45, 64, 53, 49, 36, 30, 18, 9], 
 [23, 16, 33, 48, 40, 36, 25, 20, 12, 6], 
 [24, 18, 36, 52, 44, 40, 28, 22, 14, 7], 
 [22, 16, 32, 46, 38, 34, 24, 18, 10, 5], 
 [25, 18, 37, 52, 44, 40, 29, 22, 12, 6], 
 [25, 18, 37, 53, 44, 39, 27, 21, 12, 5], 
 [26, 20, 40, 57, 48, 43, 30, 23, 14, 6], 
 [24, 18, 36, 51, 42, 37, 26, 21, 12, 6], 
 [27, 20, 41, 57, 48, 43, 31, 25, 14, 7], 
 [25, 18, 37, 53, 44, 40, 28, 22, 14, 6], 
 [26, 20, 40, 56, 46, 42, 30, 23, 15, 7], 
 [24, 18, 37, 52, 43, 39, 28, 21, 13, 6], 
 [24, 18, 37, 52, 43, 39, 28, 22, 14, 7], 
 [25, 19, 38, 54, 45, 41, 29, 23, 15, 7], 
 [25, 19, 38, 54, 45, 41, 29, 22, 14, 6], 
 [24, 18, 36, 51, 42, 38, 27, 20, 12, 5], 
 [24, 18, 36, 51, 42, 38, 27, 22, 14, 7], 
 [28, 21, 42, 59, 49, 45, 32, 26, 17, 8], 
 [28, 21, 42, 59, 49, 45, 32, 24, 15, 6], 
 [24, 18, 36, 51, 42, 38, 28, 22, 12, 6], 
 [28, 20, 42, 60, 50, 46, 34, 27, 15, 7], 
 [25, 18, 38, 54, 45, 41, 30, 23, 13, 6], 
 [25, 18, 38, 54, 45, 41, 30, 24, 14, 7], 
 [26, 19, 39, 55, 46, 42, 31, 24, 13, 6], 
 [26, 19, 39, 55, 46, 42, 31, 25, 14, 7], 
 [25, 18, 37, 53, 44, 40, 29, 22, 12, 5], 
 [25, 18, 37, 53, 44, 40, 29, 24, 14, 7], 
 [28, 21, 42, 60, 50, 46, 34, 26, 14, 6], 
 [28, 21, 42, 60, 50, 46, 34, 28, 16, 8], 
 [22, 16, 32, 46, 38, 34, 24, 19, 11, 5], 
 [23, 17, 34, 49, 41, 37, 26, 21, 13, 6], 
 [23, 17, 34, 49, 41, 37, 26, 20, 12, 5], 
 [22, 17, 34, 48, 40, 36, 26, 20, 12, 6], 
 [23, 17, 35, 50, 42, 38, 27, 21, 13, 6], 
 [22, 16, 33, 47, 39, 35, 25, 19, 11, 5], 
 [22, 16, 33, 47, 39, 35, 25, 20, 12, 6], 
 [23, 17, 34, 48, 40, 36, 26, 20, 11, 5], 
 [23, 17, 34, 48, 40, 36, 26, 21, 12, 6], 
 [23, 17, 35, 49, 41, 37, 27, 21, 12, 6], 
 [24, 17, 36, 51, 43, 39, 28, 22, 13, 6], 
 [24, 18, 36, 51, 43, 39, 28, 21, 12, 5], 
 [24, 18, 36, 51, 43, 39, 28, 23, 14, 7], 
 [35, 22, 44, 68, 57, 46, 29, 24, 16, 8], 
 [43, 30, 60, 88, 73, 58, 37, 29, 17, 5], 
 [35, 22, 44, 68, 57, 46, 32, 24, 10, 5], 
 [43, 30, 60, 88, 73, 58, 40, 35, 17, 8], 
 [23, 16, 32, 47, 39, 31, 20, 15, 10, 5], 
 [25, 18, 36, 52, 43, 34, 22, 17, 11, 5], 
 [26, 16, 35, 53, 45, 37, 26, 21, 10, 5], 
 [28, 18, 39, 58, 49, 40, 28, 23, 11, 5], 
 [23, 14, 28, 44, 37, 30, 20, 16, 10, 5], 
 [22, 14, 28, 43, 36, 29, 19, 15, 10, 5], 
 [25, 16, 32, 49, 41, 34, 22, 18, 12, 6], 
 [29, 18, 37, 57, 48, 39, 25, 21, 14, 7], 
 [31, 22, 44, 64, 53, 42, 29, 25, 13, 5], 
 [29, 20, 41, 60, 50, 40, 28, 24, 12, 5], 
 [31, 22, 44, 64, 53, 43, 30, 26, 13, 6], 
 [34, 24, 48, 70, 58, 46, 32, 28, 14, 7], 
 [23, 14, 28, 44, 37, 30, 21, 16, 8, 4], 
 [23, 14, 29, 45, 38, 31, 22, 17, 8, 4], 
 [25, 16, 32, 49, 41, 34, 24, 18, 8, 4], 
 [28, 18, 36, 55, 46, 37, 26, 19, 8, 4], 
 [31, 22, 44, 64, 53, 42, 28, 23, 13, 4], 
 [28, 20, 40, 58, 48, 38, 25, 20, 12, 4], 
 [31, 22, 44, 64, 53, 43, 28, 22, 13, 4], 
 [35, 24, 49, 72, 60, 48, 31, 24, 14, 4], 
 [23, 16, 32, 47, 39, 34, 23, 18, 10, 5], 
 [25, 18, 36, 52, 43, 37, 25, 20, 11, 5], 
 [21, 14, 28, 42, 35, 30, 20, 16, 10, 5], 
 [22, 15, 30, 45, 38, 32, 21, 17, 11, 5], 
 [22, 16, 32, 46, 38, 30, 20, 16, 10, 5], 
 [21, 14, 29, 43, 36, 29, 19, 15, 10, 5], 
 [21, 14, 28, 42, 35, 29, 19, 15, 10, 5], 
 [24, 16, 32, 48, 41, 34, 22, 18, 12, 6], 
 [25, 18, 36, 52, 43, 36, 24, 19, 11, 4], 
 [24, 17, 34, 50, 42, 35, 23, 18, 11, 4], 
 [20, 14, 28, 41, 34, 27, 18, 13, 8, 4], 
 [23, 16, 33, 48, 40, 32, 21, 16, 10, 4], 
 [25, 18, 36, 52, 43, 35, 23, 18, 11, 4], 
 [28, 20, 40, 58, 49, 40, 26, 20, 12, 4], 
 [25, 18, 36, 52, 43, 36, 25, 21, 11, 5], 
 [24, 17, 34, 49, 41, 34, 24, 20, 10, 5], 
 [23, 14, 31, 47, 40, 33, 23, 19, 10, 5], 
 [24, 16, 34, 50, 42, 34, 24, 20, 10, 5], 
 [26, 18, 37, 54, 45, 37, 26, 22, 11, 5], 
 [28, 20, 40, 58, 49, 40, 28, 24, 12, 6], 
 [21, 14, 28, 42, 35, 30, 21, 16, 8, 4], 
 [22, 15, 30, 44, 37, 31, 22, 17, 8, 4], 
 [25, 16, 35, 52, 44, 36, 25, 20, 10, 4], 
 [22, 14, 30, 45, 38, 31, 22, 17, 8, 4], 
 [22, 14, 29, 44, 37, 31, 22, 17, 8, 4], 
 [24, 16, 32, 48, 41, 34, 24, 18, 8, 4], 
 [19, 12, 24, 37, 31, 25, 17, 13, 8, 4], 
 [19, 12, 24, 37, 31, 26, 18, 14, 8, 4], 
 [20, 12, 25, 39, 33, 27, 19, 15, 8, 4], 
 [26, 18, 37, 54, 45, 36, 25, 21, 11, 4], 
 [25, 18, 36, 52, 43, 35, 24, 20, 11, 4], 
 [25, 18, 36, 52, 43, 34, 23, 19, 11, 4], 
 [21, 14, 29, 43, 36, 31, 21, 17, 10, 5], 
 [20, 14, 28, 42, 36, 30, 20, 16, 10, 5], 
 [22, 16, 32, 46, 38, 32, 22, 18, 10, 5], 
 [23, 16, 33, 47, 40, 33, 23, 19, 10, 5], 
 [23, 16, 33, 48, 40, 34, 23, 18, 10, 4], 
 [22, 16, 32, 47, 40, 33, 22, 17, 10, 4], 
 [20, 14, 28, 41, 34, 29, 20, 15, 8, 4], 
 [21, 14, 29, 42, 36, 30, 21, 16, 8, 4], 
 [21, 14, 29, 43, 36, 30, 20, 16, 10, 4], 
 [20, 14, 28, 41, 34, 27, 18, 14, 9, 4], 
 [18, 12, 25, 37, 31, 25, 17, 13, 8, 4], 
 [20, 14, 29, 42, 35, 28, 19, 15, 9, 4], 
 [19, 13, 26, 39, 33, 27, 18, 14, 9, 4], 
 [21, 15, 30, 44, 37, 30, 20, 16, 10, 4], 
 [18, 12, 24, 36, 30, 25, 17, 13, 8, 4], 
 [22, 16, 32, 46, 38, 31, 21, 17, 10, 4], 
 [20, 13, 26, 39, 33, 27, 18, 14, 9, 4], 
 [24, 17, 34, 49, 41, 33, 22, 18, 11, 4], 
 [20, 14, 28, 41, 34, 28, 20, 16, 8, 4], 
 [22, 14, 30, 45, 38, 31, 22, 18, 9, 4], 
 [19, 12, 26, 39, 33, 27, 19, 15, 8, 4], 
 [21, 14, 30, 44, 37, 30, 21, 17, 9, 4], 
 [22, 15, 31, 45, 38, 31, 22, 18, 9, 4], 
 [20, 13, 27, 40, 34, 28, 20, 16, 8, 4], 
 [19, 12, 25, 38, 32, 27, 19, 15, 8, 4], 
 [23, 16, 33, 48, 40, 33, 23, 19, 10, 4], 
 [24, 17, 34, 50, 42, 34, 24, 20, 10, 4], 
 [20, 13, 26, 40, 34, 28, 20, 16, 8, 4], 
 [20, 14, 28, 41, 34, 29, 20, 16, 9, 4], 
 [19, 13, 26, 39, 33, 28, 19, 15, 9, 4], 
 [21, 15, 30, 44, 37, 31, 21, 17, 10, 4], 
 [19, 13, 27, 40, 34, 28, 19, 15, 9, 4], 
 [18, 13, 26, 38, 32, 26, 18, 14, 8, 4], 
 [18, 12, 25, 37, 31, 26, 18, 14, 8, 4], 
 [20, 14, 29, 42, 35, 29, 20, 16, 9, 4], 
 [21, 15, 30, 43, 36, 30, 21, 17, 9, 4], 
 [19, 13, 26, 38, 32, 27, 19, 15, 8, 4], 
 [20, 13, 28, 41, 35, 29, 20, 16, 9, 4], 
 [19, 13, 27, 39, 33, 27, 19, 15, 8, 4], 
 [18, 12, 24, 36, 31, 26, 18, 14, 8, 4], 
 [22, 16, 32, 46, 39, 32, 22, 18, 10, 4], 
 [32, 16, 41, 65, 57, 49, 38, 33, 22, 11], 
 [40, 24, 57, 85, 73, 68, 53, 45, 30, 15], 
 [29, 19, 38, 62, 57, 52, 41, 33, 22, 11], 
 [37, 27, 54, 82, 73, 65, 50, 45, 30, 15], 
 [23, 13, 32, 47, 42, 37, 29, 24, 16, 8], 
 [25, 15, 36, 52, 46, 41, 32, 27, 18, 9], 
 [23, 16, 32, 50, 45, 40, 29, 24, 16, 8], 
 [25, 18, 36, 55, 49, 44, 32, 27, 18, 9], 
 [20, 12, 25, 41, 37, 33, 26, 21, 14, 7], 
 [20, 13, 26, 42, 38, 34, 26, 21, 14, 7], 
 [21, 14, 28, 45, 41, 37, 29, 23, 15, 7], 
 [24, 16, 32, 51, 47, 43, 34, 27, 18, 9], 
 [29, 19, 42, 62, 53, 49, 38, 33, 22, 11], 
 [27, 17, 39, 57, 49, 45, 35, 30, 20, 10], 
 [29, 18, 42, 62, 53, 49, 38, 32, 21, 10], 
 [33, 20, 47, 70, 60, 56, 43, 36, 24, 12], 
 [21, 11, 26, 42, 37, 32, 25, 21, 14, 7], 
 [21, 11, 27, 42, 37, 32, 25, 21, 14, 7], 
 [23, 12, 30, 47, 41, 35, 27, 23, 15, 7], 
 [27, 14, 35, 55, 48, 41, 31, 27, 18, 9], 
 [28, 20, 41, 61, 53, 48, 37, 33, 22, 11], 
 [26, 19, 38, 57, 50, 45, 34, 30, 20, 10], 
 [27, 20, 40, 60, 53, 47, 36, 32, 21, 10], 
 [30, 22, 44, 66, 59, 52, 40, 36, 24, 12], 
 [20, 13, 29, 44, 39, 34, 26, 21, 13, 5], 
 [22, 15, 33, 49, 43, 38, 29, 24, 15, 6], 
 [20, 12, 28, 41, 37, 33, 26, 21, 14, 7], 
 [23, 14, 33, 48, 42, 38, 29, 24, 16, 8], 
 [23, 15, 34, 50, 43, 39, 30, 25, 16, 7], 
 [23, 14, 33, 49, 42, 38, 29, 24, 15, 7], 
 [24, 15, 35, 51, 44, 40, 31, 26, 17, 8], 
 [26, 16, 38, 56, 48, 44, 34, 28, 18, 9], 
 [22, 14, 32, 46, 41, 36, 28, 24, 16, 8], 
 [21, 12, 29, 43, 38, 33, 25, 21, 14, 7], 
 [19, 11, 26, 40, 35, 30, 23, 19, 12, 5], 
 [21, 12, 29, 44, 38, 33, 25, 21, 13, 6], 
 [20, 11, 27, 41, 36, 31, 24, 20, 13, 6], 
 [22, 12, 30, 46, 40, 34, 26, 22, 14, 7], 
 [23, 16, 33, 50, 44, 40, 29, 24, 16, 8], 
 [20, 14, 28, 43, 39, 35, 26, 21, 14, 7], 
 [18, 12, 25, 39, 35, 31, 24, 19, 12, 5], 
 [18, 13, 26, 40, 36, 32, 25, 20, 13, 6], 
 [19, 13, 26, 41, 37, 33, 25, 20, 13, 6], 
 [20, 14, 28, 44, 40, 36, 28, 22, 14, 7], 
 [21, 14, 29, 45, 40, 35, 25, 21, 14, 7], 
 [22, 16, 32, 48, 43, 38, 28, 24, 16, 8], 
 [22, 16, 33, 49, 43, 38, 29, 25, 16, 7], 
 [20, 15, 30, 45, 40, 35, 27, 23, 15, 7], 
 [23, 17, 34, 51, 45, 40, 30, 26, 17, 8], 
 [24, 18, 36, 54, 48, 42, 32, 28, 18, 9], 
 [18, 11, 23, 37, 33, 29, 22, 18, 12, 6], 
 [17, 10, 22, 35, 31, 27, 21, 17, 11, 5], 
 [18, 10, 23, 36, 32, 28, 22, 18, 12, 6], 
 [24, 16, 35, 51, 44, 40, 31, 27, 18, 9], 
 [23, 16, 34, 50, 43, 39, 30, 26, 17, 8], 
 [24, 17, 35, 52, 45, 41, 31, 27, 18, 9], 
 [22, 14, 32, 47, 41, 37, 28, 23, 14, 7], 
 [21, 14, 31, 46, 40, 36, 27, 22, 14, 6], 
 [18, 12, 26, 39, 35, 31, 24, 19, 12, 5], 
 [17, 12, 25, 38, 34, 30, 23, 18, 12, 6], 
 [20, 12, 28, 42, 37, 32, 24, 20, 12, 6], 
 [19, 12, 27, 41, 36, 31, 23, 19, 12, 5], 
 [20, 14, 30, 44, 39, 34, 26, 22, 14, 6], 
 [19, 14, 29, 43, 38, 33, 25, 21, 14, 7], 
 [20, 12, 28, 41, 36, 32, 25, 21, 14, 7], 
 [18, 11, 25, 37, 33, 29, 22, 18, 12, 6], 
 [20, 13, 29, 42, 37, 33, 25, 21, 14, 7], 
 [21, 13, 30, 44, 38, 34, 26, 22, 14, 7], 
 [19, 11, 26, 39, 34, 30, 23, 19, 12, 6], 
 [20, 12, 28, 42, 36, 32, 24, 20, 13, 6], 
 [17, 10, 23, 35, 31, 27, 21, 17, 11, 5], 
 [21, 14, 31, 45, 39, 35, 27, 23, 15, 7], 
 [22, 14, 32, 47, 40, 36, 28, 24, 16, 8], 
 [18, 10, 24, 37, 32, 28, 22, 18, 12, 6], 
 [20, 14, 28, 43, 38, 34, 25, 21, 14, 7], 
 [18, 12, 25, 38, 34, 30, 22, 18, 12, 6], 
 [20, 14, 29, 43, 38, 34, 25, 21, 14, 7], 
 [17, 12, 24, 37, 33, 29, 22, 18, 12, 6], 
 [19, 14, 28, 42, 37, 33, 25, 21, 14, 7], 
 [18, 13, 26, 39, 35, 31, 24, 20, 13, 6], 
 [17, 11, 23, 36, 32, 28, 21, 17, 11, 5], 
 [21, 15, 31, 46, 40, 36, 27, 23, 15, 7], 
 [18, 12, 24, 38, 34, 30, 23, 19, 12, 6], 
 [22, 16, 32, 48, 42, 38, 29, 25, 16, 8], 
 [18, 12, 26, 38, 34, 30, 23, 19, 12, 6], 
 [19, 12, 27, 40, 35, 31, 23, 19, 12, 6], 
 [18, 12, 26, 39, 34, 30, 23, 19, 12, 5], 
 [20, 13, 29, 43, 37, 33, 25, 21, 13, 6], 
 [18, 11, 25, 38, 33, 29, 22, 18, 11, 5], 
 [17, 11, 24, 36, 32, 28, 21, 17, 11, 5], 
 [19, 13, 28, 41, 36, 32, 24, 20, 13, 6], 
 [17, 12, 25, 37, 33, 29, 22, 18, 12, 6], 
 [18, 12, 26, 39, 34, 30, 22, 18, 12, 6], 
 [16, 11, 23, 35, 31, 27, 21, 17, 11, 5], 
 [18, 13, 27, 40, 35, 31, 24, 20, 13, 6], 
 [16, 10, 22, 34, 30, 26, 20, 16, 10, 5], 
 [20, 14, 30, 44, 38, 34, 26, 22, 14, 7], 
 [46, 30, 69, 100, 85, 70, 52, 41, 23, 5], 
 [52, 36, 81, 115, 97, 86, 65, 50, 29, 8], 
 [43, 33, 66, 97, 85, 74, 56, 41, 23, 5], 
 [49, 39, 78, 112, 97, 82, 61, 50, 29, 8], 
 [31, 21, 48, 67, 58, 50, 38, 29, 17, 5], 
 [31, 21, 48, 67, 58, 49, 37, 29, 17, 5], 
 [31, 24, 48, 70, 61, 52, 37, 29, 17, 5], 
 [31, 24, 48, 70, 61, 53, 38, 29, 17, 5], 
 [32, 24, 49, 71, 61, 54, 41, 30, 17, 4], 
 [30, 23, 46, 67, 58, 51, 38, 28, 16, 4], 
 [29, 22, 44, 65, 57, 50, 38, 28, 16, 4], 
 [34, 26, 52, 76, 67, 58, 44, 32, 18, 4], 
 [33, 23, 50, 72, 61, 50, 37, 30, 17, 4], 
 [31, 21, 47, 67, 57, 47, 35, 28, 16, 4], 
 [31, 20, 46, 67, 57, 47, 35, 28, 16, 4], 
 [37, 24, 55, 80, 68, 56, 41, 32, 18, 4], 
 [34, 26, 53, 76, 65, 54, 40, 33, 19, 5], 
 [32, 25, 50, 72, 62, 52, 38, 31, 18, 5], 
 [33, 26, 52, 75, 65, 55, 41, 34, 20, 6], 
 [40, 32, 64, 91, 79, 67, 50, 41, 24, 7], 
 [35, 25, 54, 77, 65, 58, 44, 33, 19, 5], 
 [33, 23, 51, 72, 61, 54, 41, 31, 18, 5], 
 [35, 24, 54, 77, 65, 58, 44, 34, 20, 6], 
 [43, 30, 67, 95, 80, 71, 53, 41, 24, 7], 
 [22, 15, 33, 49, 43, 37, 28, 23, 14, 5], 
 [22, 15, 33, 49, 43, 38, 29, 23, 14, 5], 
 [26, 18, 40, 56, 49, 42, 32, 24, 14, 4], 
 [27, 18, 41, 58, 50, 42, 31, 24, 14, 4], 
 [23, 15, 34, 50, 43, 36, 27, 22, 13, 4], 
 [25, 16, 37, 54, 46, 39, 29, 23, 13, 4], 
 [26, 17, 39, 56, 48, 40, 30, 24, 14, 4], 
 [28, 18, 42, 61, 52, 43, 32, 25, 14, 4], 
 [28, 20, 44, 61, 53, 45, 34, 27, 16, 5], 
 [29, 20, 45, 63, 54, 47, 35, 27, 16, 5], 
 [25, 17, 38, 55, 47, 42, 32, 25, 15, 5], 
 [27, 18, 41, 59, 50, 44, 33, 26, 15, 5], 
 [28, 19, 43, 61, 52, 46, 35, 27, 16, 5], 
 [32, 22, 50, 71, 60, 53, 40, 31, 18, 6], 
 [22, 16, 33, 49, 43, 38, 29, 22, 13, 4], 
 [22, 17, 34, 50, 44, 38, 29, 22, 13, 4], 
 [27, 20, 41, 60, 52, 44, 31, 24, 14, 4], 
 [26, 20, 40, 58, 51, 44, 32, 24, 14, 4], 
 [25, 19, 38, 56, 49, 43, 32, 24, 14, 4], 
 [26, 20, 40, 59, 52, 45, 34, 25, 14, 4], 
 [24, 18, 37, 54, 47, 40, 30, 25, 15, 5], 
 [24, 19, 38, 55, 48, 41, 31, 25, 15, 5], 
 [29, 22, 45, 65, 56, 49, 35, 27, 16, 5], 
 [28, 22, 44, 63, 55, 47, 34, 27, 16, 5], 
 [27, 21, 42, 61, 53, 45, 33, 27, 16, 5], 
 [30, 24, 48, 69, 60, 51, 38, 31, 18, 6], 
 [28, 21, 43, 62, 53, 47, 35, 26, 15, 4], 
 [25, 18, 38, 55, 47, 42, 32, 24, 14, 4], 
 [28, 20, 43, 61, 52, 46, 35, 26, 15, 4], 
 [28, 20, 43, 61, 52, 43, 32, 26, 15, 4], 
 [25, 18, 38, 55, 47, 39, 29, 24, 14, 4], 
 [28, 21, 43, 62, 53, 44, 32, 26, 15, 4], 
 [24, 16, 36, 52, 45, 38, 28, 22, 12, 4], 
 [21, 14, 31, 46, 40, 34, 25, 20, 12, 4], 
 [20, 14, 30, 44, 39, 34, 26, 20, 12, 4], 
 [21, 16, 33, 48, 42, 36, 27, 20, 12, 4], 
 [26, 18, 40, 57, 49, 43, 32, 25, 14, 5], 
 [23, 16, 35, 51, 44, 39, 29, 23, 14, 5], 
 [22, 16, 34, 49, 43, 37, 28, 23, 14, 5], 
 [23, 18, 37, 53, 46, 39, 29, 23, 14, 5], 
 [26, 18, 40, 56, 48, 41, 31, 24, 14, 4], 
 [24, 17, 37, 52, 45, 39, 29, 22, 13, 4], 
 [24, 17, 37, 52, 45, 38, 28, 22, 13, 4], 
 [25, 17, 38, 54, 46, 39, 29, 23, 13, 4], 
 [25, 17, 38, 54, 46, 40, 30, 23, 13, 4], 
 [24, 16, 36, 52, 44, 38, 28, 22, 13, 4], 
 [23, 16, 35, 50, 43, 38, 29, 22, 13, 4], 
 [23, 16, 35, 50, 43, 36, 27, 22, 13, 4], 
 [26, 18, 40, 57, 48, 40, 30, 24, 14, 4], 
 [26, 18, 40, 57, 48, 42, 32, 24, 14, 4], 
 [22, 17, 34, 49, 43, 37, 28, 22, 13, 4], 
 [26, 20, 40, 58, 50, 43, 31, 24, 14, 4], 
 [24, 18, 37, 53, 46, 40, 29, 22, 13, 4], 
 [24, 18, 37, 53, 46, 39, 28, 22, 13, 4], 
 [23, 18, 36, 52, 45, 39, 29, 22, 13, 4], 
 [23, 18, 36, 52, 45, 38, 28, 22, 13, 4], 
 [23, 17, 35, 51, 44, 39, 29, 22, 13, 4], 
 [23, 17, 35, 51, 44, 37, 27, 22, 13, 4], 
 [26, 20, 40, 58, 50, 44, 33, 25, 14, 4], 
 [26, 20, 40, 58, 50, 42, 31, 25, 14, 4], 
 [22, 16, 34, 48, 42, 36, 27, 21, 12, 4], 
 [23, 16, 35, 50, 43, 37, 27, 21, 12, 4], 
 [20, 14, 30, 44, 38, 33, 25, 20, 12, 4], 
 [22, 15, 33, 48, 41, 35, 26, 21, 12, 4], 
 [22, 15, 33, 48, 41, 36, 27, 21, 12, 4], 
 [21, 15, 32, 46, 40, 35, 26, 20, 12, 4], 
 [21, 15, 32, 46, 40, 34, 25, 20, 12, 4], 
 [20, 15, 31, 45, 39, 34, 26, 20, 12, 4], 
 [20, 15, 31, 45, 39, 33, 25, 20, 12, 4], 
 [21, 16, 33, 47, 41, 35, 26, 20, 12, 4], 
 [22, 16, 34, 49, 42, 36, 26, 20, 12, 4], 
 [22, 16, 34, 49, 42, 37, 28, 21, 12, 4], 
 [22, 16, 34, 49, 42, 35, 26, 21, 12, 4], 
 [18, 11, 22, 36, 32, 28, 22, 18, 12, 6], 
 [17, 10, 21, 34, 30, 26, 20, 16, 10, 5], 
 [16, 9, 20, 32, 28, 24, 19, 15, 10, 5], 
 [19, 10, 23, 37, 32, 28, 22, 18, 12, 6], 
 [18, 11, 22, 33, 29, 25, 20, 14, 9, 4], 
 [16, 10, 20, 30, 26, 22, 17, 12, 8, 4], 
 [15, 9, 19, 29, 25, 21, 17, 12, 8, 4], 
 [16, 10, 20, 31, 26, 22, 18, 12, 8, 4], 
 [20, 12, 24, 38, 32, 26, 18, 14, 9, 4], 
 [18, 11, 22, 34, 29, 24, 17, 13, 8, 4], 
 [18, 11, 22, 35, 30, 25, 18, 14, 8, 4], 
 [20, 12, 24, 38, 32, 26, 19, 15, 8, 4], 
 [16, 10, 20, 30, 26, 22, 17, 13, 8, 4], 
 [16, 9, 20, 31, 27, 23, 18, 14, 9, 4], 
 [15, 9, 19, 29, 25, 21, 16, 12, 8, 4], 
 [16, 10, 20, 32, 28, 24, 18, 14, 9, 4], 
 [15, 9, 19, 30, 26, 22, 17, 13, 8, 4], 
 [14, 9, 18, 28, 24, 20, 16, 12, 8, 4], 
 [16, 10, 20, 31, 27, 23, 17, 13, 8, 4], 
 [16, 10, 20, 31, 26, 22, 16, 12, 8, 4], 
 [17, 10, 21, 33, 28, 24, 18, 14, 8, 4], 
 [27, 18, 39, 57, 48, 44, 34, 30, 20, 10], 
 [24, 17, 36, 52, 44, 40, 31, 27, 18, 9], 
 [25, 18, 37, 54, 46, 42, 32, 28, 18, 9], 
 [26, 19, 38, 56, 48, 44, 34, 30, 20, 10], 
 [32, 24, 48, 68, 56, 52, 38, 32, 21, 10], 
 [28, 21, 42, 59, 49, 45, 33, 28, 18, 9], 
 [28, 21, 42, 60, 50, 46, 34, 29, 18, 9], 
 [32, 24, 48, 68, 56, 52, 39, 33, 20, 10], 
 [30, 23, 46, 63, 53, 47, 36, 32, 21, 10], 
 [26, 20, 40, 55, 46, 41, 31, 27, 18, 9], 
 [25, 19, 39, 54, 45, 40, 31, 27, 18, 9], 
 [28, 22, 44, 61, 50, 44, 34, 30, 20, 10], 
 [24, 18, 36, 51, 42, 38, 28, 24, 16, 8], 
 [24, 18, 36, 52, 44, 40, 30, 26, 17, 8], 
 [24, 18, 36, 51, 43, 39, 29, 25, 16, 8], 
 [24, 17, 36, 51, 43, 39, 30, 26, 17, 8], 
 [23, 17, 35, 50, 42, 38, 29, 25, 16, 8], 
 [25, 18, 37, 53, 44, 40, 30, 26, 16, 8], 
 [23, 17, 35, 49, 41, 37, 28, 24, 16, 8], 
 [24, 18, 36, 50, 42, 38, 29, 25, 16, 8], 
 [22, 17, 34, 48, 40, 36, 28, 24, 16, 8], 
 [24, 18, 36, 51, 42, 38, 30, 20, 12, 4], 
 [23, 17, 35, 49, 41, 37, 29, 20, 12, 4], 
 [24, 18, 36, 50, 42, 38, 29, 20, 12, 4], 
 [26, 19, 38, 53, 45, 41, 32, 22, 13, 4], 
 [32, 24, 48, 68, 56, 52, 39, 29, 16, 6], 
 [28, 21, 42, 60, 50, 46, 34, 25, 14, 5], 
 [28, 21, 42, 59, 49, 45, 33, 24, 14, 5], 
 [32, 24, 48, 68, 56, 52, 38, 28, 17, 6], 
 [30, 23, 46, 66, 56, 50, 38, 28, 16, 4], 
 [27, 20, 41, 59, 50, 45, 34, 25, 14, 4], 
 [26, 19, 40, 57, 48, 43, 33, 24, 14, 4], 
 [31, 22, 47, 67, 56, 50, 38, 28, 16, 4], 
 [25, 18, 37, 53, 44, 40, 30, 22, 12, 4], 
 [24, 18, 36, 50, 42, 38, 29, 21, 12, 4], 
 [24, 18, 36, 51, 43, 39, 29, 21, 12, 4], 
 [22, 17, 34, 48, 40, 36, 28, 20, 12, 4], 
 [23, 17, 35, 49, 41, 37, 28, 20, 12, 4], 
 [24, 18, 36, 51, 42, 38, 28, 20, 12, 4], 
 [23, 17, 35, 50, 42, 38, 29, 21, 12, 4], 
 [24, 17, 36, 51, 43, 39, 30, 22, 13, 4], 
 [24, 18, 36, 52, 44, 40, 30, 22, 13, 4], 
 [28, 20, 40, 58, 48, 38, 27, 23, 12, 4], 
 [26, 19, 38, 55, 46, 37, 26, 22, 12, 4], 
 [26, 19, 38, 54, 45, 36, 25, 21, 12, 4], 
 [28, 20, 40, 58, 48, 38, 26, 22, 13, 4], 
 [28, 22, 44, 61, 50, 40, 30, 26, 16, 6], 
 [25, 19, 39, 54, 45, 36, 27, 23, 14, 5], 
 [26, 20, 40, 55, 46, 37, 27, 23, 14, 5], 
 [30, 23, 46, 63, 53, 43, 32, 28, 17, 6], 
 [31, 22, 47, 67, 56, 46, 34, 28, 16, 4], 
 [26, 19, 40, 57, 48, 39, 29, 24, 14, 4], 
 [27, 20, 41, 59, 50, 41, 30, 25, 14, 4], 
 [30, 23, 46, 66, 56, 46, 34, 28, 16, 4], 
 [25, 18, 37, 53, 44, 36, 26, 22, 12, 4], 
 [24, 18, 36, 51, 43, 35, 25, 21, 12, 4], 
 [24, 18, 36, 50, 42, 34, 25, 21, 12, 4], 
 [22, 17, 34, 48, 40, 32, 24, 20, 12, 4], 
 [24, 18, 36, 51, 42, 34, 24, 20, 12, 4], 
 [23, 17, 35, 49, 41, 33, 24, 20, 12, 4], 
 [23, 17, 35, 50, 42, 34, 25, 21, 12, 4], 
 [24, 18, 36, 52, 44, 36, 26, 22, 13, 4], 
 [24, 17, 36, 51, 43, 35, 26, 22, 13, 4]]