[[22, 11, 25, 39, 31, 25, 20, 15, 10, 5], 
 [14, 9, 18, 27, 22, 17, 12, 9, 6, 3], 
 [12, 7, 15, 23, 19, 15, 12, 9, 6, 3], 
 [21, 12, 24, 38, 31, 24, 17, 12, 8, 4], 
 [19, 10, 22, 34, 27, 22, 17, 12, 8, 4], 
 [20, 10, 23, 36, 29, 23, 18, 13, 8, 4], 
 [18, 9, 21, 33, 27, 21, 16, 12, 8, 4], 
 [19, 10, 22, 34, 28, 22, 16, 12, 8, 4], 
 [24, 12, 27, 43, 35, 27, 20, 15, 10, 5], 
 [17, 10, 21, 32, 26, 20, 14, 10, 6, 3], 
 [17, 10, 20, 31, 25, 20, 15, 10, 6, 3], 
 [15, 8, 18, 28, 23, 18, 14, 10, 6, 3], 
 [14, 8, 17, 26, 21, 17, 13, 9, 6, 3], 
 [16, 9, 19, 29, 24, 19, 14, 10, 6, 3], 
 [18, 10, 21, 33, 27, 21, 16, 11, 6, 3], 
 [30, 15, 34, 54, 44, 34, 24, 18, 12, 6], 
 [26, 15, 30, 47, 38, 29, 20, 15, 10, 5], 
 [23, 13, 27, 42, 34, 26, 18, 13, 8, 4], 
 [25, 13, 29, 45, 36, 28, 20, 15, 10, 5], 
 [20, 11, 24, 37, 30, 23, 16, 12, 8, 4]]