[[16, 12, 24, 35, 30, 25, 18, 15, 9, 3], 
 [22, 17, 34, 49, 42, 37, 26, 20, 12, 4], 
 [12, 9, 18, 26, 22, 18, 13, 10, 6, 3], 
 [13, 9, 19, 28, 24, 20, 14, 11, 7, 3], 
 [23, 18, 36, 50, 41, 32, 24, 21, 13, 5], 
 [19, 14, 28, 40, 33, 26, 18, 15, 9, 3], 
 [16, 13, 26, 37, 32, 27, 20, 16, 10, 4], 
 [19, 14, 28, 40, 33, 27, 19, 16, 9, 3], 
 [17, 13, 26, 37, 31, 25, 18, 15, 9, 3], 
 [13, 10, 20, 29, 25, 21, 16, 13, 8, 3], 
 [17, 13, 26, 38, 33, 28, 21, 18, 11, 4], 
 [15, 11, 23, 33, 28, 23, 17, 14, 8, 3], 
 [26, 21, 42, 60, 52, 44, 33, 27, 16, 5], 
 [15, 12, 24, 34, 29, 25, 18, 14, 9, 4], 
 [35, 28, 56, 80, 69, 59, 44, 36, 21, 6], 
 [14, 10, 21, 30, 26, 22, 16, 13, 8, 3], 
 [13, 9, 19, 28, 24, 21, 16, 13, 8, 3], 
 [12, 9, 18, 26, 22, 19, 14, 11, 7, 3], 
 [23, 18, 36, 52, 45, 39, 28, 22, 13, 4], 
 [20, 16, 32, 46, 40, 34, 25, 20, 12, 4], 
 [23, 18, 36, 52, 45, 38, 28, 23, 13, 4], 
 [22, 17, 34, 49, 42, 35, 26, 21, 12, 3], 
 [17, 12, 26, 38, 33, 29, 22, 18, 11, 4], 
 [17, 13, 27, 39, 34, 29, 22, 18, 11, 4], 
 [17, 13, 26, 38, 33, 28, 21, 17, 10, 3], 
 [19, 14, 29, 42, 36, 31, 22, 17, 10, 3], 
 [18, 14, 28, 40, 35, 30, 22, 17, 10, 3], 
 [19, 14, 29, 42, 36, 30, 22, 18, 10, 3], 
 [15, 11, 23, 33, 29, 25, 19, 15, 9, 3], 
 [16, 12, 25, 36, 31, 26, 19, 15, 9, 3], 
 [15, 11, 23, 33, 29, 25, 19, 16, 10, 4], 
 [15, 12, 24, 34, 29, 24, 18, 15, 9, 4]]